0 	 1.23734e+02 	 3.64594e-04 	 -2.29404e-02
1000 	 1.23734e+02 	 -1.32618e-04 	 -2.39219e-02
2000 	 1.23734e+02 	 -7.88406e-05 	 -2.34632e-02
3000 	 1.23734e+02 	 3.04136e-04 	 -2.37274e-02
4000 	 1.24511e+02 	 2.94006e-04 	 -2.34016e-02
5000 	 1.24511e+02 	 -1.22204e-04 	 -2.38381e-02
6000 	 1.24511e+02 	 -5.43600e-05 	 -2.38735e-02
7000 	 1.24511e+02 	 3.45884e-04 	 -2.34987e-02
8000 	 1.25293e+02 	 -2.06562e-04 	 -2.36755e-02
9000 	 1.25293e+02 	 -1.10656e-04 	 -2.37024e-02
10000 	 1.25293e+02 	 -5.13348e-05 	 -2.31934e-02
11000 	 1.25293e+02 	 3.39399e-04 	 -2.34966e-02
12000 	 1.26081e+02 	 3.05383e-04 	 -2.32785e-02
13000 	 1.26081e+02 	 -1.59595e-04 	 -2.32705e-02
14000 	 1.26081e+02 	 -8.22392e-05 	 -2.33969e-02
15000 	 1.26081e+02 	 -2.49829e-05 	 -2.35581e-02
16000 	 1.26081e+02 	 3.61953e-05 	 -2.31249e-02
17000 	 1.26873e+02 	 3.06022e-04 	 -2.32194e-02
18000 	 1.26873e+02 	 -1.72809e-04 	 -2.32841e-02
19000 	 1.26873e+02 	 -1.01176e-04 	 -2.34899e-02
20000 	 1.26873e+02 	 -5.94168e-05 	 -2.31332e-02
21000 	 1.26873e+02 	 -7.83673e-06 	 -2.33643e-02
22000 	 1.26873e+02 	 4.20012e-05 	 -2.30144e-02
23000 	 1.26873e+02 	 1.02653e-03 	 -2.25607e-02
24000 	 1.27670e+02 	 -1.91453e-04 	 -2.33287e-02
25000 	 1.27670e+02 	 -1.48122e-04 	 -2.30232e-02
26000 	 1.27670e+02 	 -9.03369e-05 	 -2.33168e-02
27000 	 1.27670e+02 	 -5.71988e-05 	 -2.30368e-02
28000 	 1.27670e+02 	 -2.47008e-05 	 -2.27704e-02
29000 	 1.27670e+02 	 2.41328e-05 	 -2.30617e-02
30000 	 1.27670e+02 	 6.24853e-05 	 -2.27966e-02
31000 	 1.27670e+02 	 1.03893e-03 	 -2.24676e-02
32000 	 1.28472e+02 	 -1.96151e-04 	 -2.32667e-02
33000 	 1.28472e+02 	 -1.62809e-04 	 -2.30307e-02
34000 	 1.28472e+02 	 -1.30038e-04 	 -2.28063e-02
35000 	 1.28472e+02 	 -8.43705e-05 	 -2.31802e-02
36000 	 1.28472e+02 	 -5.94324e-05 	 -2.29710e-02
37000 	 1.28472e+02 	 -3.49628e-05 	 -2.27703e-02
38000 	 1.28472e+02 	 1.68583e-06 	 -2.31348e-02
39000 	 1.28472e+02 	 3.09206e-05 	 -2.29315e-02
40000 	 1.28472e+02 	 5.92141e-05 	 -2.27370e-02
41000 	 1.28472e+02 	 8.64437e-05 	 -2.25522e-02
42000 	 1.28472e+02 	 1.05522e-03 	 -2.23407e-02
43000 	 1.29279e+02 	 1.08343e-03 	 -2.20483e-02
44000 	 1.29279e+02 	 -1.73046e-04 	 -2.30012e-02
45000 	 1.29279e+02 	 -1.49740e-04 	 -2.28402e-02
46000 	 1.29279e+02 	 -1.26911e-04 	 -2.26861e-02
47000 	 1.29279e+02 	 -1.04532e-04 	 -2.25385e-02
48000 	 1.29279e+02 	 -7.23694e-05 	 -2.29873e-02
49000 	 1.29279e+02 	 -5.53859e-05 	 -2.28467e-02
50000 	 1.29279e+02 	 -3.87229e-05 	 -2.27108e-02
51000 	 1.29279e+02 	 -2.23934e-05 	 -2.25796e-02
52000 	 1.29279e+02 	 7.64921e-06 	 -2.30032e-02
53000 	 1.29279e+02 	 2.71899e-05 	 -2.28680e-02
54000 	 1.29279e+02 	 4.61822e-05 	 -2.27376e-02
55000 	 1.29279e+02 	 6.45818e-05 	 -2.26124e-02
56000 	 1.29279e+02 	 8.23522e-05 	 -2.24923e-02
57000 	 1.29279e+02 	 7.95229e-04 	 -2.19824e-02
58000 	 1.29279e+02 	 1.06179e-03 	 -2.22716e-02
59000 	 1.30092e+02 	 1.08117e-03 	 -2.20441e-02
60000 	 1.30092e+02 	 1.09591e-03 	 -2.19371e-02
61000 	 1.30092e+02 	 6.17098e-04 	 -2.21948e-02
62000 	 1.30092e+02 	 -1.62761e-04 	 -2.28217e-02
63000 	 1.30092e+02 	 -1.48869e-04 	 -2.27268e-02
64000 	 1.30092e+02 	 -1.35302e-04 	 -2.26354e-02
65000 	 1.30092e+02 	 -1.22041e-04 	 -2.25472e-02
66000 	 1.30092e+02 	 -1.09067e-04 	 -2.24621e-02
67000 	 1.30092e+02 	 -9.63629e-05 	 -2.23797e-02
68000 	 1.30092e+02 	 -8.39119e-05 	 -2.23001e-02
69000 	 1.30092e+02 	 -6.38948e-05 	 -2.28168e-02
70000 	 1.30092e+02 	 -5.44587e-05 	 -2.27393e-02
71000 	 1.30092e+02 	 -4.52002e-05 	 -2.26639e-02
72000 	 1.30092e+02 	 -3.61172e-05 	 -2.25905e-02
73000 	 1.30092e+02 	 -2.72099e-05 	 -2.25191e-02
74000 	 1.30092e+02 	 -1.84806e-05 	 -2.24497e-02
75000 	 1.30092e+02 	 -9.93345e-06 	 -2.23822e-02
76000 	 1.30092e+02 	 1.41131e-05 	 -2.28594e-02
77000 	 1.30092e+02 	 2.43674e-05 	 -2.27887e-02
78000 	 1.30092e+02 	 3.43697e-05 	 -2.27200e-02
79000 	 1.30092e+02 	 4.41126e-05 	 -2.26534e-02
80000 	 1.30092e+02 	 5.35897e-05 	 -2.25888e-02
81000 	 1.30092e+02 	 6.27956e-05 	 -2.25264e-02
82000 	 1.30092e+02 	 7.17265e-05 	 -2.24660e-02
83000 	 1.30092e+02 	 8.03804e-05 	 -2.24077e-02
84000 	 1.30092e+02 	 8.87567e-05 	 -2.23515e-02
85000 	 1.30092e+02 	 7.97429e-04 	 -2.19448e-02
86000 	 1.30092e+02 	 8.01329e-04 	 -2.18944e-02
87000 	 1.30092e+02 	 8.05034e-04 	 -2.18462e-02
88000 	 1.30092e+02 	 8.08554e-04 	 -2.18000e-02
89000 	 1.30092e+02 	 8.11896e-04 	 -2.17557e-02
90000 	 1.30092e+02 	 1.08277e-03 	 -2.20963e-02
91000 	 1.30092e+02 	 1.08917e-03 	 -2.20534e-02
92000 	 1.30909e+02 	 1.09927e-03 	 -2.18816e-02
93000 	 1.30909e+02 	 1.10517e-03 	 -2.18388e-02
94000 	 1.30909e+02 	 6.15263e-04 	 -2.21666e-02
95000 	 1.30909e+02 	 6.19735e-04 	 -2.21239e-02
96000 	 1.30909e+02 	 6.24047e-04 	 -2.20828e-02
97000 	 1.30909e+02 	 6.28208e-04 	 -2.20432e-02
98000 	 1.30909e+02 	 6.32225e-04 	 -2.20049e-02
99000 	 1.30909e+02 	 6.36104e-04 	 -2.19680e-02
100000 	 1.30909e+02 	 6.39853e-04 	 -2.19324e-02
101000 	 1.30909e+02 	 -1.47791e-04 	 -2.25950e-02
102000 	 1.30909e+02 	 -1.43080e-04 	 -2.25630e-02
103000 	 1.30909e+02 	 -1.38490e-04 	 -2.25320e-02
104000 	 1.30909e+02 	 -1.34019e-04 	 -2.25018e-02
105000 	 1.30909e+02 	 -1.29659e-04 	 -2.24726e-02
106000 	 1.30909e+02 	 -1.25407e-04 	 -2.24442e-02
107000 	 1.30909e+02 	 -1.21259e-04 	 -2.24166e-02
108000 	 1.30909e+02 	 -1.17210e-04 	 -2.23897e-02
109000 	 1.30909e+02 	 -1.13256e-04 	 -2.23635e-02
110000 	 1.30909e+02 	 -1.09394e-04 	 -2.23381e-02
111000 	 1.30909e+02 	 -1.05619e-04 	 -2.23133e-02
112000 	 1.30909e+02 	 -1.01930e-04 	 -2.22891e-02
113000 	 1.30909e+02 	 -9.83213e-05 	 -2.22656e-02
114000 	 1.30909e+02 	 -9.47916e-05 	 -2.22426e-02
115000 	 1.30909e+02 	 -9.13377e-05 	 -2.22202e-02
116000 	 1.30909e+02 	 -8.79569e-05 	 -2.21983e-02
117000 	 1.30909e+02 	 -8.46468e-05 	 -2.21769e-02
118000 	 1.30909e+02 	 -8.14052e-05 	 -2.21560e-02
119000 	 1.30909e+02 	 -7.82299e-05 	 -2.21356e-02
120000 	 1.30909e+02 	 -7.51189e-05 	 -2.21157e-02
121000 	 1.30909e+02 	 -7.20702e-05 	 -2.20962e-02
122000 	 1.30909e+02 	 -6.22398e-05 	 -2.26749e-02
123000 	 1.30909e+02 	 -5.99423e-05 	 -2.26556e-02
124000 	 1.30909e+02 	 -5.76902e-05 	 -2.26367e-02
125000 	 1.30909e+02 	 -5.54824e-05 	 -2.26181e-02
126000 	 1.30909e+02 	 -5.33178e-05 	 -2.26000e-02
127000 	 1.30909e+02 	 -5.11954e-05 	 -2.25822e-02
128000 	 1.30909e+02 	 -4.91142e-05 	 -2.25648e-02
129000 	 1.30909e+02 	 -4.70734e-05 	 -2.25477e-02
130000 	 1.30909e+02 	 -4.50722e-05 	 -2.25310e-02
131000 	 1.30909e+02 	 -4.31097e-05 	 -2.25146e-02
132000 	 1.30909e+02 	 -4.11853e-05 	 -2.24985e-02
133000 	 1.30909e+02 	 -3.92982e-05 	 -2.24828e-02
134000 	 1.30909e+02 	 -3.74479e-05 	 -2.24673e-02
135000 	 1.30909e+02 	 -3.56336e-05 	 -2.24522e-02
136000 	 1.30909e+02 	 -3.38548e-05 	 -2.24374e-02
137000 	 1.30909e+02 	 -3.21110e-05 	 -2.24229e-02
138000 	 1.30909e+02 	 -3.04015e-05 	 -2.24086e-02
139000 	 1.30909e+02 	 -2.87259e-05 	 -2.23947e-02
140000 	 1.30909e+02 	 -2.70837e-05 	 -2.23811e-02
141000 	 1.30909e+02 	 -2.54744e-05 	 -2.23677e-02
142000 	 1.30909e+02 	 -2.38975e-05 	 -2.23546e-02
143000 	 1.30909e+02 	 -2.23527e-05 	 -2.23417e-02
144000 	 1.30909e+02 	 -2.08394e-05 	 -2.23291e-02
145000 	 1.30909e+02 	 -1.93572e-05 	 -2.23168e-02
146000 	 1.30909e+02 	 -1.79058e-05 	 -2.23047e-02
147000 	 1.30909e+02 	 -1.64848e-05 	 -2.22929e-02
148000 	 1.30909e+02 	 -1.50937e-05 	 -2.22813e-02
149000 	 1.30909e+02 	 -1.37321e-05 	 -2.22700e-02
150000 	 1.30909e+02 	 -1.23996e-05 	 -2.22589e-02
151000 	 1.30909e+02 	 -1.10960e-05 	 -2.22480e-02
152000 	 1.30909e+02 	 -9.82075e-06 	 -2.22374e-02
153000 	 1.30909e+02 	 -8.57352e-06 	 -2.22270e-02
154000 	 1.30909e+02 	 -7.35395e-06 	 -2.22168e-02
155000 	 1.30909e+02 	 -6.16165e-06 	 -2.22068e-02
156000 	 1.30909e+02 	 -4.99625e-06 	 -2.21971e-02
157000 	 1.30909e+02 	 1.28908e-05 	 -2.27241e-02
158000 	 1.30909e+02 	 1.43098e-05 	 -2.27137e-02
159000 	 1.30909e+02 	 1.56966e-05 	 -2.27035e-02
160000 	 1.30909e+02 	 1.70515e-05 	 -2.26936e-02
161000 	 1.30909e+02 	 1.83750e-05 	 -2.26838e-02
162000 	 1.30909e+02 	 1.96676e-05 	 -2.26743e-02
163000 	 1.30909e+02 	 2.09298e-05 	 -2.26650e-02
164000 	 1.30909e+02 	 2.21619e-05 	 -2.26559e-02
165000 	 1.30909e+02 	 2.33646e-05 	 -2.26469e-02
166000 	 1.30909e+02 	 2.45381e-05 	 -2.26382e-02
167000 	 1.30909e+02 	 2.56831e-05 	 -2.26297e-02
168000 	 1.30909e+02 	 2.67999e-05 	 -2.26214e-02
169000 	 1.30909e+02 	 2.78890e-05 	 -2.26133e-02
170000 	 1.30909e+02 	 2.89508e-05 	 -2.26053e-02
171000 	 1.30909e+02 	 2.99859e-05 	 -2.25975e-02
172000 	 1.30909e+02 	 3.09947e-05 	 -2.25900e-02
173000 	 1.30909e+02 	 3.19775e-05 	 -2.25825e-02
174000 	 1.30909e+02 	 3.29349e-05 	 -2.25753e-02
175000 	 1.30909e+02 	 3.38674e-05 	 -2.25682e-02
176000 	 1.30909e+02 	 3.47753e-05 	 -2.25613e-02
177000 	 1.30909e+02 	 3.56590e-05 	 -2.25546e-02
178000 	 1.30909e+02 	 3.65192e-05 	 -2.25480e-02
179000 	 1.30909e+02 	 3.73561e-05 	 -2.25416e-02
180000 	 1.30909e+02 	 3.81702e-05 	 -2.25353e-02
181000 	 1.30909e+02 	 3.89619e-05 	 -2.25292e-02
182000 	 1.30909e+02 	 3.97317e-05 	 -2.25232e-02
183000 	 1.30909e+02 	 4.04800e-05 	 -2.25173e-02
184000 	 1.30909e+02 	 4.12072e-05 	 -2.25116e-02
185000 	 1.30909e+02 	 4.19136e-05 	 -2.25061e-02
186000 	 1.30909e+02 	 4.25998e-05 	 -2.25007e-02
187000 	 1.30909e+02 	 4.32661e-05 	 -2.24954e-02
188000 	 1.30909e+02 	 4.39130e-05 	 -2.24902e-02
189000 	 1.30909e+02 	 4.45407e-05 	 -2.24852e-02
190000 	 1.30909e+02 	 4.51498e-05 	 -2.24803e-02
191000 	 1.30909e+02 	 4.57405e-05 	 -2.24755e-02
192000 	 1.30909e+02 	 4.63133e-05 	 -2.24708e-02
193000 	 1.30909e+02 	 4.68686e-05 	 -2.24663e-02
194000 	 1.30909e+02 	 4.74067e-05 	 -2.24618e-02
195000 	 1.30909e+02 	 4.79279e-05 	 -2.24575e-02
196000 	 1.30909e+02 	 4.84326e-05 	 -2.24533e-02
197000 	 1.30909e+02 	 4.89213e-05 	 -2.24492e-02
198000 	 1.30909e+02 	 4.93942e-05 	 -2.24452e-02
199000 	 1.30909e+02 	 4.98516e-05 	 -2.24413e-02
200000 	 1.30909e+02 	 5.02939e-05 	 -2.24375e-02
201000 	 1.30909e+02 	 5.07215e-05 	 -2.24338e-02
202000 	 1.30909e+02 	 5.11347e-05 	 -2.24301e-02
203000 	 1.30909e+02 	 5.15337e-05 	 -2.24266e-02
204000 	 1.30909e+02 	 5.19189e-05 	 -2.24232e-02
205000 	 1.30909e+02 	 5.22906e-05 	 -2.24198e-02
206000 	 1.30909e+02 	 5.26491e-05 	 -2.24166e-02
207000 	 1.30909e+02 	 5.29947e-05 	 -2.24134e-02
208000 	 1.30909e+02 	 5.33277e-05 	 -2.24103e-02
209000 	 1.30909e+02 	 5.36483e-05 	 -2.24073e-02
210000 	 1.30909e+02 	 5.39570e-05 	 -2.24043e-02
211000 	 1.30909e+02 	 5.42538e-05 	 -2.24015e-02
212000 	 1.30909e+02 	 5.45391e-05 	 -2.23987e-02
213000 	 1.30909e+02 	 5.48132e-05 	 -2.23960e-02
214000 	 1.30909e+02 	 5.50763e-05 	 -2.23933e-02
215000 	 1.30909e+02 	 5.53287e-05 	 -2.23908e-02
216000 	 1.30909e+02 	 5.55706e-05 	 -2.23883e-02
217000 	 1.30909e+02 	 5.58022e-05 	 -2.23858e-02
218000 	 1.30909e+02 	 5.60238e-05 	 -2.23834e-02
219000 	 1.30909e+02 	 7.78666e-04 	 -2.20618e-02
220000 	 1.30909e+02 	 7.78753e-04 	 -2.20595e-02
221000 	 1.30909e+02 	 7.78834e-04 	 -2.20573e-02
222000 	 1.30909e+02 	 7.78911e-04 	 -2.20552e-02
223000 	 1.30909e+02 	 7.78982e-04 	 -2.20532e-02
224000 	 1.30909e+02 	 7.79049e-04 	 -2.20512e-02
225000 	 1.30909e+02 	 7.79111e-04 	 -2.20492e-02
226000 	 1.30909e+02 	 7.79168e-04 	 -2.20473e-02
227000 	 1.30909e+02 	 7.79221e-04 	 -2.20454e-02
228000 	 1.30909e+02 	 7.79270e-04 	 -2.20436e-02
229000 	 1.30909e+02 	 7.79314e-04 	 -2.20419e-02
230000 	 1.30909e+02 	 7.79354e-04 	 -2.20402e-02
231000 	 1.30909e+02 	 7.79390e-04 	 -2.20385e-02
232000 	 1.30909e+02 	 7.79422e-04 	 -2.20369e-02
233000 	 1.30909e+02 	 7.79451e-04 	 -2.20353e-02
234000 	 1.30909e+02 	 7.79475e-04 	 -2.20337e-02
235000 	 1.30909e+02 	 7.79496e-04 	 -2.20322e-02
236000 	 1.30909e+02 	 7.79513e-04 	 -2.20308e-02
237000 	 1.30909e+02 	 7.79527e-04 	 -2.20294e-02
238000 	 1.30909e+02 	 7.79537e-04 	 -2.20280e-02
239000 	 1.30909e+02 	 7.79543e-04 	 -2.20266e-02
240000 	 1.30909e+02 	 7.79547e-04 	 -2.20253e-02
241000 	 1.30909e+02 	 7.79547e-04 	 -2.20240e-02
242000 	 1.30909e+02 	 7.79544e-04 	 -2.20228e-02
243000 	 1.30909e+02 	 7.79538e-04 	 -2.20216e-02
244000 	 1.30909e+02 	 7.79529e-04 	 -2.20204e-02
245000 	 1.30909e+02 	 7.79517e-04 	 -2.20193e-02
246000 	 1.30909e+02 	 7.79503e-04 	 -2.20181e-02
247000 	 1.30909e+02 	 7.79485e-04 	 -2.20171e-02
248000 	 1.30909e+02 	 7.79465e-04 	 -2.20160e-02
249000 	 1.30909e+02 	 7.79442e-04 	 -2.20150e-02
250000 	 1.30909e+02 	 7.79416e-04 	 -2.20140e-02
251000 	 1.30909e+02 	 7.79388e-04 	 -2.20130e-02
252000 	 1.30909e+02 	 7.79357e-04 	 -2.20120e-02
253000 	 1.30909e+02 	 7.79324e-04 	 -2.20111e-02
254000 	 1.30909e+02 	 7.79289e-04 	 -2.20102e-02
255000 	 1.30909e+02 	 7.79251e-04 	 -2.20094e-02
256000 	 1.30909e+02 	 7.79210e-04 	 -2.20085e-02
257000 	 1.30909e+02 	 7.79168e-04 	 -2.20077e-02
258000 	 1.30909e+02 	 7.79123e-04 	 -2.20069e-02
259000 	 1.30909e+02 	 7.79077e-04 	 -2.20061e-02
260000 	 1.30909e+02 	 7.79028e-04 	 -2.20053e-02
261000 	 1.30909e+02 	 7.78977e-04 	 -2.20046e-02
262000 	 1.30909e+02 	 7.78924e-04 	 -2.20038e-02
263000 	 1.30909e+02 	 7.78869e-04 	 -2.20031e-02
264000 	 1.30909e+02 	 7.78812e-04 	 -2.20025e-02
265000 	 1.30909e+02 	 7.78753e-04 	 -2.20018e-02
266000 	 1.30909e+02 	 7.78693e-04 	 -2.20011e-02
267000 	 1.30909e+02 	 7.78630e-04 	 -2.20005e-02
268000 	 1.30909e+02 	 7.78566e-04 	 -2.19999e-02
269000 	 1.30909e+02 	 7.78500e-04 	 -2.19993e-02
270000 	 1.30909e+02 	 7.78432e-04 	 -2.19987e-02
271000 	 1.30909e+02 	 7.78363e-04 	 -2.19981e-02
272000 	 1.30909e+02 	 7.78292e-04 	 -2.19976e-02
273000 	 1.30909e+02 	 7.78219e-04 	 -2.19971e-02
274000 	 1.30909e+02 	 7.78145e-04 	 -2.19965e-02
275000 	 1.30909e+02 	 7.78069e-04 	 -2.19960e-02
276000 	 1.30909e+02 	 7.77992e-04 	 -2.19955e-02
277000 	 1.30909e+02 	 7.77913e-04 	 -2.19951e-02
278000 	 1.30909e+02 	 7.77833e-04 	 -2.19946e-02
279000 	 1.30909e+02 	 7.77751e-04 	 -2.19941e-02
280000 	 1.30909e+02 	 7.77668e-04 	 -2.19937e-02
281000 	 1.30909e+02 	 7.77584e-04 	 -2.19933e-02
282000 	 1.30909e+02 	 7.77498e-04 	 -2.19928e-02
283000 	 1.30909e+02 	 7.77410e-04 	 -2.19924e-02
284000 	 1.30909e+02 	 7.77322e-04 	 -2.19920e-02
285000 	 1.30909e+02 	 7.77232e-04 	 -2.19916e-02
286000 	 1.30909e+02 	 7.77141e-04 	 -2.19913e-02
287000 	 1.30909e+02 	 7.77048e-04 	 -2.19909e-02
288000 	 1.30909e+02 	 7.76955e-04 	 -2.19906e-02
289000 	 1.30909e+02 	 7.76860e-04 	 -2.19902e-02
290000 	 1.30909e+02 	 7.76764e-04 	 -2.19899e-02
291000 	 1.30909e+02 	 7.76667e-04 	 -2.19895e-02
292000 	 1.30909e+02 	 7.76568e-04 	 -2.19892e-02
293000 	 1.30909e+02 	 7.76469e-04 	 -2.19889e-02
294000 	 1.30909e+02 	 7.76368e-04 	 -2.19886e-02
295000 	 1.30909e+02 	 7.76267e-04 	 -2.19883e-02
296000 	 1.30909e+02 	 7.76164e-04 	 -2.19880e-02
297000 	 1.30909e+02 	 7.76060e-04 	 -2.19878e-02
298000 	 1.30909e+02 	 7.75955e-04 	 -2.19875e-02
299000 	 1.30909e+02 	 7.75849e-04 	 -2.19872e-02
300000 	 1.30909e+02 	 7.75742e-04 	 -2.19870e-02
