0 	 1.23734e+02 	 -7.61699e-04 	 -2.72671e-02
1000 	 1.22961e+02 	 -7.08375e-04 	 -2.74101e-02
2000 	 1.22961e+02 	 -3.44156e-04 	 -2.73476e-02
3000 	 1.22961e+02 	 -5.34856e-04 	 -2.78409e-02
4000 	 1.22961e+02 	 -7.77109e-04 	 -2.83274e-02
5000 	 1.22193e+02 	 -6.89082e-04 	 -2.78502e-02
6000 	 1.22193e+02 	 -3.36254e-04 	 -2.77833e-02
7000 	 1.22193e+02 	 -5.29656e-04 	 -2.82768e-02
8000 	 1.22193e+02 	 -7.74176e-04 	 -2.88037e-02
9000 	 1.21430e+02 	 -6.93582e-04 	 -2.83797e-02
10000 	 1.21430e+02 	 -6.61156e-04 	 -2.78232e-02
11000 	 1.21430e+02 	 1.49669e-06 	 -2.85196e-02
12000 	 1.21430e+02 	 -5.25569e-04 	 -2.84067e-02
13000 	 1.21430e+02 	 -7.64200e-04 	 -2.90004e-02
14000 	 1.20672e+02 	 -6.87996e-04 	 -2.86464e-02
15000 	 1.20672e+02 	 -6.60231e-04 	 -2.81583e-02
16000 	 1.20672e+02 	 -3.26882e-04 	 -2.82267e-02
17000 	 1.20672e+02 	 -5.26080e-04 	 -2.88550e-02
18000 	 1.20672e+02 	 -7.71858e-04 	 -2.95197e-02
19000 	 1.20672e+02 	 -7.52396e-04 	 -2.91024e-02
20000 	 1.19919e+02 	 -6.80056e-04 	 -2.88270e-02
21000 	 1.19919e+02 	 -6.56408e-04 	 -2.84081e-02
22000 	 1.19919e+02 	 -3.30490e-04 	 -2.85446e-02
23000 	 1.19919e+02 	 -1.28343e-05 	 -2.88739e-02
24000 	 1.19919e+02 	 -5.24695e-04 	 -2.88883e-02
25000 	 1.19919e+02 	 -7.62581e-04 	 -2.96325e-02
26000 	 1.19919e+02 	 -7.45910e-04 	 -2.92803e-02
27000 	 1.19170e+02 	 -6.78359e-04 	 -2.90890e-02
28000 	 1.19170e+02 	 -6.59245e-04 	 -2.87475e-02
29000 	 1.19170e+02 	 -3.39735e-04 	 -2.89478e-02
30000 	 1.19170e+02 	 -3.24943e-04 	 -2.86404e-02
31000 	 1.19170e+02 	 -5.29713e-04 	 -2.94247e-02
32000 	 1.19170e+02 	 -5.27148e-04 	 -2.91481e-02
33000 	 1.19170e+02 	 -7.65671e-04 	 -2.99759e-02
34000 	 1.19170e+02 	 -7.53119e-04 	 -2.97048e-02
35000 	 1.19170e+02 	 -7.39842e-04 	 -2.94303e-02
36000 	 1.18426e+02 	 -6.77692e-04 	 -2.93346e-02
37000 	 1.18426e+02 	 -6.63425e-04 	 -2.90780e-02
38000 	 1.18426e+02 	 -6.48956e-04 	 -2.88228e-02
39000 	 1.18426e+02 	 -3.40204e-04 	 -2.91242e-02
40000 	 1.18426e+02 	 -3.29608e-04 	 -2.89005e-02
41000 	 1.18426e+02 	 -3.22321e-05 	 -2.94137e-02
42000 	 1.18426e+02 	 -5.34190e-04 	 -2.95734e-02
43000 	 1.18426e+02 	 -5.32153e-04 	 -2.93784e-02
44000 	 1.18426e+02 	 -7.70762e-04 	 -3.03002e-02
45000 	 1.18426e+02 	 -7.62465e-04 	 -3.01160e-02
46000 	 1.18426e+02 	 -7.53935e-04 	 -2.99325e-02
47000 	 1.18426e+02 	 -7.45232e-04 	 -2.97506e-02
48000 	 1.17686e+02 	 -6.89666e-04 	 -2.97494e-02
49000 	 1.17686e+02 	 -6.80791e-04 	 -2.95847e-02
50000 	 1.17686e+02 	 -6.71952e-04 	 -2.94229e-02
51000 	 1.17686e+02 	 -6.63178e-04 	 -2.92644e-02
52000 	 1.17686e+02 	 -6.54495e-04 	 -2.91093e-02
53000 	 1.17686e+02 	 -3.54439e-04 	 -2.94983e-02
54000 	 1.17686e+02 	 -3.48404e-04 	 -2.93663e-02
55000 	 1.17686e+02 	 -3.42513e-04 	 -2.92370e-02
56000 	 1.17686e+02 	 -3.36771e-04 	 -2.91108e-02
57000 	 1.17686e+02 	 -4.87076e-05 	 -2.97312e-02
58000 	 1.17686e+02 	 -5.46868e-04 	 -2.99725e-02
59000 	 1.17686e+02 	 -5.46168e-04 	 -2.98678e-02
60000 	 1.17686e+02 	 -5.45359e-04 	 -2.97652e-02
61000 	 1.17686e+02 	 -5.44455e-04 	 -2.96650e-02
62000 	 1.17686e+02 	 -5.43470e-04 	 -2.95672e-02
63000 	 1.17686e+02 	 -5.42417e-04 	 -2.94720e-02
64000 	 1.17686e+02 	 -7.78218e-04 	 -3.05085e-02
65000 	 1.17686e+02 	 -7.74583e-04 	 -3.04217e-02
66000 	 1.17686e+02 	 -7.70995e-04 	 -3.03371e-02
67000 	 1.17686e+02 	 -7.67463e-04 	 -3.02547e-02
68000 	 1.17686e+02 	 -7.63995e-04 	 -3.01747e-02
69000 	 1.17686e+02 	 -7.60598e-04 	 -3.00970e-02
70000 	 1.17686e+02 	 -7.57278e-04 	 -3.00217e-02
71000 	 1.17686e+02 	 -7.54040e-04 	 -2.99487e-02
72000 	 1.17686e+02 	 -7.50888e-04 	 -2.98782e-02
73000 	 1.16951e+02 	 -7.03414e-04 	 -2.99996e-02
74000 	 1.16951e+02 	 -7.00493e-04 	 -2.99381e-02
75000 	 1.16951e+02 	 -6.97672e-04 	 -2.98787e-02
76000 	 1.16951e+02 	 -6.94952e-04 	 -2.98213e-02
77000 	 1.16951e+02 	 -6.92331e-04 	 -2.97659e-02
78000 	 1.16951e+02 	 -6.89809e-04 	 -2.97125e-02
79000 	 1.16951e+02 	 -6.87384e-04 	 -2.96610e-02
80000 	 1.16951e+02 	 -6.85056e-04 	 -2.96114e-02
81000 	 1.16951e+02 	 -6.82822e-04 	 -2.95636e-02
82000 	 1.16951e+02 	 -6.80681e-04 	 -2.95175e-02
83000 	 1.16951e+02 	 -6.78630e-04 	 -2.94731e-02
84000 	 1.16951e+02 	 -6.76668e-04 	 -2.94304e-02
85000 	 1.16951e+02 	 -6.74793e-04 	 -2.93893e-02
86000 	 1.16951e+02 	 -6.73003e-04 	 -2.93497e-02
87000 	 1.16951e+02 	 -6.71294e-04 	 -2.93116e-02
88000 	 1.16951e+02 	 -6.69666e-04 	 -2.92750e-02
89000 	 1.16951e+02 	 -3.82627e-04 	 -2.97783e-02
90000 	 1.16951e+02 	 -3.81776e-04 	 -2.97479e-02
91000 	 1.16951e+02 	 -3.80981e-04 	 -2.97187e-02
92000 	 1.16951e+02 	 -3.80240e-04 	 -2.96905e-02
93000 	 1.16951e+02 	 -3.79552e-04 	 -2.96634e-02
94000 	 1.16951e+02 	 -3.78914e-04 	 -2.96373e-02
95000 	 1.16951e+02 	 -3.78325e-04 	 -2.96122e-02
96000 	 1.16951e+02 	 -3.77783e-04 	 -2.95881e-02
97000 	 1.16951e+02 	 -3.77287e-04 	 -2.95649e-02
98000 	 1.16951e+02 	 -3.76835e-04 	 -2.95426e-02
99000 	 1.16951e+02 	 -3.76425e-04 	 -2.95211e-02
100000 	 1.16951e+02 	 -3.76056e-04 	 -2.95005e-02
101000 	 1.16951e+02 	 -3.75727e-04 	 -2.94806e-02
102000 	 1.16951e+02 	 -3.75435e-04 	 -2.94616e-02
103000 	 1.16951e+02 	 -3.75180e-04 	 -2.94433e-02
104000 	 1.16951e+02 	 -3.74961e-04 	 -2.94257e-02
105000 	 1.16951e+02 	 -3.74776e-04 	 -2.94087e-02
106000 	 1.16951e+02 	 -3.74623e-04 	 -2.93925e-02
107000 	 1.16951e+02 	 -3.74502e-04 	 -2.93769e-02
108000 	 1.16951e+02 	 -3.74412e-04 	 -2.93619e-02
109000 	 1.16951e+02 	 -3.74350e-04 	 -2.93475e-02
110000 	 1.16951e+02 	 -3.74317e-04 	 -2.93337e-02
111000 	 1.16951e+02 	 -3.74311e-04 	 -2.93205e-02
112000 	 1.16951e+02 	 -3.74332e-04 	 -2.93078e-02
113000 	 1.16951e+02 	 -3.74377e-04 	 -2.92956e-02
114000 	 1.16951e+02 	 -3.74446e-04 	 -2.92839e-02
115000 	 1.16951e+02 	 -3.74539e-04 	 -2.92726e-02
116000 	 1.16951e+02 	 -3.74654e-04 	 -2.92619e-02
117000 	 1.16951e+02 	 -3.74790e-04 	 -2.92515e-02
118000 	 1.16951e+02 	 -1.03846e-04 	 -2.99942e-02
119000 	 1.16951e+02 	 -1.04641e-04 	 -2.99849e-02
120000 	 1.16951e+02 	 -1.05431e-04 	 -2.99761e-02
121000 	 1.16951e+02 	 -1.06217e-04 	 -2.99676e-02
122000 	 1.16951e+02 	 -1.06998e-04 	 -2.99595e-02
123000 	 1.16951e+02 	 -1.07774e-04 	 -2.99517e-02
124000 	 1.16951e+02 	 -1.08546e-04 	 -2.99442e-02
125000 	 1.16951e+02 	 -1.09314e-04 	 -2.99371e-02
126000 	 1.16951e+02 	 -1.10077e-04 	 -2.99302e-02
127000 	 1.16951e+02 	 -1.10837e-04 	 -2.99237e-02
128000 	 1.16951e+02 	 -1.11592e-04 	 -2.99174e-02
129000 	 1.16951e+02 	 -1.12344e-04 	 -2.99114e-02
130000 	 1.16951e+02 	 -1.13092e-04 	 -2.99057e-02
131000 	 1.16951e+02 	 -1.13837e-04 	 -2.99002e-02
132000 	 1.16951e+02 	 -1.14578e-04 	 -2.98949e-02
133000 	 1.16951e+02 	 -1.15315e-04 	 -2.98899e-02
134000 	 1.16951e+02 	 -1.16049e-04 	 -2.98851e-02
135000 	 1.16951e+02 	 -1.16780e-04 	 -2.98805e-02
136000 	 1.16951e+02 	 -1.17508e-04 	 -2.98762e-02
137000 	 1.16951e+02 	 -1.18232e-04 	 -2.98720e-02
138000 	 1.16951e+02 	 -1.18954e-04 	 -2.98680e-02
139000 	 1.16951e+02 	 -1.19672e-04 	 -2.98642e-02
140000 	 1.16951e+02 	 -1.20388e-04 	 -2.98606e-02
141000 	 1.16951e+02 	 -1.21100e-04 	 -2.98571e-02
142000 	 1.16951e+02 	 -1.21810e-04 	 -2.98538e-02
143000 	 1.16951e+02 	 -1.22517e-04 	 -2.98507e-02
144000 	 1.16951e+02 	 -1.23221e-04 	 -2.98477e-02
145000 	 1.16951e+02 	 -6.14909e-04 	 -3.02039e-02
146000 	 1.16951e+02 	 -6.15572e-04 	 -3.02014e-02
147000 	 1.16951e+02 	 -6.16235e-04 	 -3.01990e-02
148000 	 1.16951e+02 	 -6.16898e-04 	 -3.01968e-02
149000 	 1.16951e+02 	 -6.17561e-04 	 -3.01947e-02
150000 	 1.16951e+02 	 -6.18225e-04 	 -3.01927e-02
151000 	 1.16951e+02 	 -6.18887e-04 	 -3.01908e-02
152000 	 1.16951e+02 	 -6.19550e-04 	 -3.01890e-02
153000 	 1.16951e+02 	 -6.20212e-04 	 -3.01873e-02
154000 	 1.16951e+02 	 -6.20874e-04 	 -3.01856e-02
155000 	 1.16951e+02 	 -6.21536e-04 	 -3.01841e-02
156000 	 1.16951e+02 	 -6.22197e-04 	 -3.01827e-02
157000 	 1.16951e+02 	 -6.22857e-04 	 -3.01813e-02
158000 	 1.16951e+02 	 -6.23517e-04 	 -3.01801e-02
159000 	 1.16951e+02 	 -6.24177e-04 	 -3.01789e-02
160000 	 1.16951e+02 	 -6.24835e-04 	 -3.01777e-02
161000 	 1.16951e+02 	 -6.25493e-04 	 -3.01767e-02
162000 	 1.16951e+02 	 -6.26150e-04 	 -3.01757e-02
163000 	 1.16951e+02 	 -6.26806e-04 	 -3.01748e-02
164000 	 1.16951e+02 	 -6.27461e-04 	 -3.01739e-02
165000 	 1.16951e+02 	 -6.28116e-04 	 -3.01731e-02
166000 	 1.16951e+02 	 -6.28769e-04 	 -3.01724e-02
167000 	 1.16951e+02 	 -6.29421e-04 	 -3.01717e-02
168000 	 1.16951e+02 	 -6.30073e-04 	 -3.01711e-02
169000 	 1.16951e+02 	 -6.30723e-04 	 -3.01705e-02
170000 	 1.16951e+02 	 -6.31372e-04 	 -3.01699e-02
171000 	 1.16951e+02 	 -6.32020e-04 	 -3.01694e-02
172000 	 1.16951e+02 	 -6.32666e-04 	 -3.01690e-02
173000 	 1.16951e+02 	 -6.33312e-04 	 -3.01686e-02
174000 	 1.16951e+02 	 -6.33956e-04 	 -3.01682e-02
175000 	 1.16951e+02 	 -6.34599e-04 	 -3.01679e-02
176000 	 1.16951e+02 	 -6.35240e-04 	 -3.01676e-02
177000 	 1.16951e+02 	 -6.35880e-04 	 -3.01673e-02
178000 	 1.16951e+02 	 -6.36519e-04 	 -3.01671e-02
179000 	 1.16951e+02 	 -6.37156e-04 	 -3.01669e-02
180000 	 1.16951e+02 	 -6.37792e-04 	 -3.01667e-02
181000 	 1.16951e+02 	 -6.38427e-04 	 -3.01666e-02
182000 	 1.16951e+02 	 -6.39060e-04 	 -3.01665e-02
183000 	 1.16951e+02 	 -6.39691e-04 	 -3.01664e-02
184000 	 1.16951e+02 	 -6.40321e-04 	 -3.01663e-02
185000 	 1.16951e+02 	 -6.40949e-04 	 -3.01663e-02
186000 	 1.16951e+02 	 -6.41576e-04 	 -3.01663e-02
187000 	 1.16951e+02 	 -6.42201e-04 	 -3.01663e-02
188000 	 1.16951e+02 	 -6.42825e-04 	 -3.01663e-02
189000 	 1.16951e+02 	 -6.43447e-04 	 -3.01663e-02
190000 	 1.16951e+02 	 -6.44067e-04 	 -3.01664e-02
191000 	 1.16951e+02 	 -6.44685e-04 	 -3.01665e-02
192000 	 1.16951e+02 	 -6.45302e-04 	 -3.01666e-02
193000 	 1.16951e+02 	 -6.45917e-04 	 -3.01667e-02
194000 	 1.16951e+02 	 -6.46531e-04 	 -3.01668e-02
195000 	 1.16951e+02 	 -6.47142e-04 	 -3.01669e-02
196000 	 1.16951e+02 	 -6.47752e-04 	 -3.01671e-02
197000 	 1.16951e+02 	 -6.48360e-04 	 -3.01672e-02
198000 	 1.16951e+02 	 -6.48967e-04 	 -3.01674e-02
199000 	 1.16951e+02 	 -6.49571e-04 	 -3.01676e-02
200000 	 1.16951e+02 	 -6.50174e-04 	 -3.01677e-02
201000 	 1.16951e+02 	 -6.50775e-04 	 -3.01679e-02
202000 	 1.16951e+02 	 -6.51374e-04 	 -3.01681e-02
203000 	 1.16951e+02 	 -6.51971e-04 	 -3.01683e-02
204000 	 1.16951e+02 	 -6.52567e-04 	 -3.01685e-02
205000 	 1.16951e+02 	 -6.53160e-04 	 -3.01688e-02
206000 	 1.16951e+02 	 -6.53752e-04 	 -3.01690e-02
207000 	 1.16951e+02 	 -6.54342e-04 	 -3.01692e-02
208000 	 1.16951e+02 	 -6.54930e-04 	 -3.01694e-02
209000 	 1.16951e+02 	 -6.55516e-04 	 -3.01697e-02
210000 	 1.16951e+02 	 -6.56100e-04 	 -3.01699e-02
211000 	 1.16951e+02 	 -1.65270e-04 	 -2.98074e-02
212000 	 1.16951e+02 	 -1.65829e-04 	 -2.98076e-02
213000 	 1.16951e+02 	 -1.66387e-04 	 -2.98078e-02
214000 	 1.16951e+02 	 -1.66942e-04 	 -2.98081e-02
215000 	 1.16951e+02 	 -1.67496e-04 	 -2.98083e-02
216000 	 1.16951e+02 	 5.74307e-04 	 -2.79614e-02
217000 	 1.16951e+02 	 5.73743e-04 	 -2.79617e-02
218000 	 1.16951e+02 	 5.73182e-04 	 -2.79620e-02
219000 	 1.16951e+02 	 5.72622e-04 	 -2.79623e-02
220000 	 1.16951e+02 	 5.72065e-04 	 -2.79626e-02
221000 	 1.16951e+02 	 5.71509e-04 	 -2.79628e-02
222000 	 1.16951e+02 	 5.70956e-04 	 -2.79631e-02
223000 	 1.16951e+02 	 5.70404e-04 	 -2.79634e-02
224000 	 1.16951e+02 	 5.69854e-04 	 -2.79636e-02
225000 	 1.16951e+02 	 5.69307e-04 	 -2.79639e-02
226000 	 1.16951e+02 	 5.68761e-04 	 -2.79641e-02
227000 	 1.16951e+02 	 5.68218e-04 	 -2.79644e-02
228000 	 1.16951e+02 	 5.67677e-04 	 -2.79646e-02
229000 	 1.16951e+02 	 5.67137e-04 	 -2.79649e-02
230000 	 1.16951e+02 	 5.66600e-04 	 -2.79651e-02
231000 	 1.16951e+02 	 5.66065e-04 	 -2.79654e-02
232000 	 1.16951e+02 	 5.65532e-04 	 -2.79656e-02
233000 	 1.16951e+02 	 5.65002e-04 	 -2.79658e-02
234000 	 1.16951e+02 	 5.64473e-04 	 -2.79660e-02
235000 	 1.16951e+02 	 5.63947e-04 	 -2.79662e-02
236000 	 1.16951e+02 	 5.63423e-04 	 -2.79664e-02
237000 	 1.16951e+02 	 5.62901e-04 	 -2.79666e-02
238000 	 1.16951e+02 	 5.62381e-04 	 -2.79668e-02
239000 	 1.16951e+02 	 5.61864e-04 	 -2.79670e-02
240000 	 1.16951e+02 	 5.61349e-04 	 -2.79672e-02
241000 	 1.16951e+02 	 5.60836e-04 	 -2.79674e-02
242000 	 1.16951e+02 	 5.60325e-04 	 -2.79675e-02
243000 	 1.16951e+02 	 5.59817e-04 	 -2.79677e-02
244000 	 1.16951e+02 	 5.59310e-04 	 -2.79678e-02
245000 	 1.16951e+02 	 5.58806e-04 	 -2.79680e-02
246000 	 1.16951e+02 	 5.58305e-04 	 -2.79681e-02
247000 	 1.16951e+02 	 5.57805e-04 	 -2.79682e-02
248000 	 1.16951e+02 	 5.57308e-04 	 -2.79683e-02
249000 	 1.16951e+02 	 5.56814e-04 	 -2.79684e-02
250000 	 1.16951e+02 	 5.56321e-04 	 -2.79685e-02
251000 	 1.16951e+02 	 5.55831e-04 	 -2.79686e-02
252000 	 1.16951e+02 	 5.55343e-04 	 -2.79687e-02
253000 	 1.16951e+02 	 5.54858e-04 	 -2.79687e-02
254000 	 1.16951e+02 	 5.54374e-04 	 -2.79688e-02
255000 	 1.16951e+02 	 5.53893e-04 	 -2.79689e-02
256000 	 1.16951e+02 	 5.53415e-04 	 -2.79689e-02
257000 	 1.16951e+02 	 5.52939e-04 	 -2.79689e-02
258000 	 1.16951e+02 	 5.52465e-04 	 -2.79690e-02
259000 	 1.16951e+02 	 5.51993e-04 	 -2.79690e-02
260000 	 1.16951e+02 	 5.51524e-04 	 -2.79690e-02
261000 	 1.16951e+02 	 5.51057e-04 	 -2.79690e-02
262000 	 1.16951e+02 	 5.50592e-04 	 -2.79689e-02
263000 	 1.16951e+02 	 5.50130e-04 	 -2.79689e-02
264000 	 1.16951e+02 	 5.49670e-04 	 -2.79689e-02
265000 	 1.16951e+02 	 5.49212e-04 	 -2.79688e-02
266000 	 1.16951e+02 	 5.48757e-04 	 -2.79688e-02
267000 	 1.16951e+02 	 5.48304e-04 	 -2.79687e-02
268000 	 1.16951e+02 	 5.47854e-04 	 -2.79686e-02
269000 	 1.16951e+02 	 5.47405e-04 	 -2.79685e-02
270000 	 1.16951e+02 	 5.46959e-04 	 -2.79685e-02
271000 	 1.16951e+02 	 5.46516e-04 	 -2.79683e-02
272000 	 1.16951e+02 	 5.46075e-04 	 -2.79682e-02
273000 	 1.16951e+02 	 5.45636e-04 	 -2.79681e-02
274000 	 1.16951e+02 	 5.45199e-04 	 -2.79680e-02
275000 	 1.16951e+02 	 5.44765e-04 	 -2.79678e-02
276000 	 1.16951e+02 	 5.44333e-04 	 -2.79677e-02
277000 	 1.16951e+02 	 5.43903e-04 	 -2.79675e-02
278000 	 1.16951e+02 	 5.43476e-04 	 -2.79673e-02
279000 	 1.16951e+02 	 5.43051e-04 	 -2.79671e-02
280000 	 1.16951e+02 	 5.42628e-04 	 -2.79669e-02
281000 	 1.16951e+02 	 5.42208e-04 	 -2.79667e-02
282000 	 1.16951e+02 	 5.41790e-04 	 -2.79665e-02
283000 	 1.16951e+02 	 5.41374e-04 	 -2.79662e-02
284000 	 1.16951e+02 	 5.40960e-04 	 -2.79660e-02
285000 	 1.16951e+02 	 5.40549e-04 	 -2.79657e-02
286000 	 1.16951e+02 	 5.40140e-04 	 -2.79655e-02
287000 	 1.16951e+02 	 5.39734e-04 	 -2.79652e-02
288000 	 1.16951e+02 	 5.39330e-04 	 -2.79649e-02
289000 	 1.16951e+02 	 5.38928e-04 	 -2.79646e-02
290000 	 1.16951e+02 	 5.38528e-04 	 -2.79643e-02
291000 	 1.16951e+02 	 5.38131e-04 	 -2.79640e-02
292000 	 1.16951e+02 	 5.37736e-04 	 -2.79637e-02
293000 	 1.16951e+02 	 5.37343e-04 	 -2.79633e-02
294000 	 1.16951e+02 	 5.36952e-04 	 -2.79630e-02
295000 	 1.16951e+02 	 5.36564e-04 	 -2.79626e-02
296000 	 1.16951e+02 	 5.36178e-04 	 -2.79622e-02
297000 	 1.16951e+02 	 5.35794e-04 	 -2.79619e-02
298000 	 1.16951e+02 	 5.35413e-04 	 -2.79615e-02
299000 	 1.16951e+02 	 5.35033e-04 	 -2.79611e-02
300000 	 1.16951e+02 	 5.34656e-04 	 -2.79607e-02
