# r-coordinate 	 ur 	 utheta
1.00000e+02 	 0.00000e+00 	 0.00000e+00
1.00628e+02 	 4.51652e-04 	 6.35360e-07
1.01261e+02 	 8.70003e-04 	 1.21939e-06
1.01897e+02 	 1.25466e-03 	 1.76049e-06
1.02537e+02 	 1.60512e-03 	 2.26593e-06
1.03181e+02 	 1.92077e-03 	 2.74198e-06
1.03830e+02 	 2.20091e-03 	 3.19410e-06
1.04482e+02 	 2.44470e-03 	 3.62703e-06
1.05138e+02 	 2.65115e-03 	 4.04490e-06
1.05799e+02 	 2.81912e-03 	 4.45133e-06
1.06464e+02 	 2.94725e-03 	 4.84943e-06
1.07133e+02 	 3.03399e-03 	 5.24183e-06
1.07806e+02 	 3.07749e-03 	 5.63068e-06
1.08483e+02 	 3.07564e-03 	 6.01759e-06
1.09165e+02 	 3.02593e-03 	 6.40345e-06
1.09851e+02 	 2.92546e-03 	 6.78821e-06
1.10541e+02 	 2.77076e-03 	 7.17045e-06
1.11236e+02 	 2.55776e-03 	 7.54655e-06
1.11934e+02 	 2.28154e-03 	 7.90935e-06
1.12638e+02 	 1.93619e-03 	 8.24559e-06
1.13346e+02 	 1.51476e-03 	 8.53134e-06
1.14058e+02 	 1.00955e-03 	 8.72340e-06
1.14774e+02 	 4.13915e-04 	 8.74386e-06
1.15495e+02 	 -2.71830e-04 	 8.45381e-06
1.16221e+02 	 -1.02420e-03 	 7.61884e-06
1.16951e+02 	 -1.76116e-03 	 5.90286e-06
1.17686e+02 	 -2.29823e-03 	 3.02656e-06
1.18426e+02 	 -2.39024e-03 	 -7.57793e-07
1.19170e+02 	 -1.94182e-03 	 -4.43609e-06
1.19919e+02 	 -1.11585e-03 	 -7.13182e-06
1.20672e+02 	 -1.55094e-04 	 -8.74952e-06
1.21430e+02 	 7.89383e-04 	 -9.58682e-06
1.22193e+02 	 1.65873e-03 	 -9.94374e-06
1.22961e+02 	 2.43979e-03 	 -1.00220e-05
1.23734e+02 	 3.13593e-03 	 -9.94084e-06
1.24511e+02 	 3.75487e-03 	 -9.76845e-06
1.25293e+02 	 4.30449e-03 	 -9.54368e-06
1.26081e+02 	 4.79182e-03 	 -9.28917e-06
1.26873e+02 	 5.22287e-03 	 -9.01845e-06
1.27670e+02 	 5.60280e-03 	 -8.73984e-06
1.28472e+02 	 5.93613e-03 	 -8.45858e-06
1.29279e+02 	 6.22682e-03 	 -8.17806e-06
1.30092e+02 	 6.47844e-03 	 -7.90052e-06
1.30909e+02 	 6.69422e-03 	 -7.62744e-06
1.31731e+02 	 6.87710e-03 	 -7.35983e-06
1.32559e+02 	 7.02979e-03 	 -7.09835e-06
1.33392e+02 	 7.15477e-03 	 -6.84343e-06
1.34230e+02 	 7.25435e-03 	 -6.59537e-06
1.35074e+02 	 7.33067e-03 	 -6.35431e-06
1.35922e+02 	 7.38572e-03 	 -6.12034e-06
1.36776e+02 	 7.42133e-03 	 -5.89348e-06
1.37636e+02 	 7.43922e-03 	 -5.67369e-06
1.38500e+02 	 7.44099e-03 	 -5.46092e-06
1.39371e+02 	 7.42811e-03 	 -5.25507e-06
1.40246e+02 	 7.40197e-03 	 -5.05603e-06
1.41128e+02 	 7.36386e-03 	 -4.86368e-06
1.42014e+02 	 7.31495e-03 	 -4.67787e-06
1.42907e+02 	 7.25635e-03 	 -4.49848e-06
1.43805e+02 	 7.18910e-03 	 -4.32533e-06
1.44708e+02 	 7.11414e-03 	 -4.15829e-06
1.45617e+02 	 7.03235e-03 	 -3.99718e-06
1.46532e+02 	 6.94454e-03 	 -3.84186e-06
1.47453e+02 	 6.85147e-03 	 -3.69215e-06
1.48379e+02 	 6.75384e-03 	 -3.54789e-06
1.49312e+02 	 6.65228e-03 	 -3.40893e-06
1.50250e+02 	 6.54739e-03 	 -3.27510e-06
1.51194e+02 	 6.43970e-03 	 -3.14624e-06
1.52144e+02 	 6.32971e-03 	 -3.02220e-06
1.53100e+02 	 6.21789e-03 	 -2.90281e-06
1.54062e+02 	 6.10465e-03 	 -2.78793e-06
1.55030e+02 	 5.99036e-03 	 -2.67741e-06
1.56004e+02 	 5.87538e-03 	 -2.57110e-06
1.56984e+02 	 5.76003e-03 	 -2.46885e-06
1.57970e+02 	 5.64458e-03 	 -2.37053e-06
1.58963e+02 	 5.52930e-03 	 -2.27599e-06
1.59962e+02 	 5.41443e-03 	 -2.18509e-06
1.60967e+02 	 5.30017e-03 	 -2.09772e-06
1.61978e+02 	 5.18671e-03 	 -2.01373e-06
1.62996e+02 	 5.07422e-03 	 -1.93300e-06
1.64020e+02 	 4.96285e-03 	 -1.85542e-06
1.65051e+02 	 4.85273e-03 	 -1.78086e-06
1.66088e+02 	 4.74398e-03 	 -1.70921e-06
1.67131e+02 	 4.63670e-03 	 -1.64035e-06
1.68181e+02 	 4.53097e-03 	 -1.57419e-06
1.69238e+02 	 4.42687e-03 	 -1.51061e-06
1.70301e+02 	 4.32447e-03 	 -1.44951e-06
1.71371e+02 	 4.22382e-03 	 -1.39079e-06
1.72448e+02 	 4.12496e-03 	 -1.33437e-06
1.73532e+02 	 4.02793e-03 	 -1.28014e-06
1.74622e+02 	 3.93276e-03 	 -1.22803e-06
1.75719e+02 	 3.83946e-03 	 -1.17793e-06
1.76823e+02 	 3.74804e-03 	 -1.12978e-06
1.77934e+02 	 3.65852e-03 	 -1.08350e-06
1.79052e+02 	 3.57090e-03 	 -1.03900e-06
1.80177e+02 	 3.48517e-03 	 -9.96210e-07
1.81309e+02 	 3.40132e-03 	 -9.55065e-07
1.82449e+02 	 3.31936e-03 	 -9.15494e-07
1.83595e+02 	 3.23925e-03 	 -8.77432e-07
1.84749e+02 	 3.16098e-03 	 -8.40814e-07
1.85909e+02 	 3.08453e-03 	 -8.05582e-07
1.87078e+02 	 3.00989e-03 	 -7.71677e-07
1.88253e+02 	 2.93702e-03 	 -7.39043e-07
1.89436e+02 	 2.86589e-03 	 -7.07627e-07
1.90626e+02 	 2.79649e-03 	 -6.77378e-07
1.91824e+02 	 2.72877e-03 	 -6.48246e-07
1.93029e+02 	 2.66272e-03 	 -6.20184e-07
1.94242e+02 	 2.59829e-03 	 -5.93148e-07
1.95462e+02 	 2.53546e-03 	 -5.67094e-07
1.96690e+02 	 2.47419e-03 	 -5.41981e-07
1.97926e+02 	 2.41446e-03 	 -5.17769e-07
1.99170e+02 	 2.35622e-03 	 -4.94421e-07
2.00421e+02 	 2.29944e-03 	 -4.71900e-07
2.01681e+02 	 2.24410e-03 	 -4.50172e-07
2.02948e+02 	 2.19015e-03 	 -4.29204e-07
2.04223e+02 	 2.13757e-03 	 -4.08963e-07
2.05506e+02 	 2.08632e-03 	 -3.89421e-07
2.06797e+02 	 2.03637e-03 	 -3.70548e-07
2.08097e+02 	 1.98768e-03 	 -3.52317e-07
2.09404e+02 	 1.94024e-03 	 -3.34701e-07
2.10720e+02 	 1.89399e-03 	 -3.17675e-07
2.12044e+02 	 1.84892e-03 	 -3.01216e-07
2.13376e+02 	 1.80499e-03 	 -2.85301e-07
2.14717e+02 	 1.76217e-03 	 -2.69908e-07
2.16066e+02 	 1.72044e-03 	 -2.55016e-07
2.17424e+02 	 1.67976e-03 	 -2.40605e-07
2.18790e+02 	 1.64011e-03 	 -2.26657e-07
2.20164e+02 	 1.60146e-03 	 -2.13154e-07
2.21548e+02 	 1.56378e-03 	 -2.00078e-07
2.22940e+02 	 1.52705e-03 	 -1.87414e-07
2.24341e+02 	 1.49123e-03 	 -1.75145e-07
2.25750e+02 	 1.45632e-03 	 -1.63256e-07
2.27169e+02 	 1.42228e-03 	 -1.51735e-07
2.28596e+02 	 1.38908e-03 	 -1.40567e-07
2.30032e+02 	 1.35671e-03 	 -1.29739e-07
2.31478e+02 	 1.32514e-03 	 -1.19239e-07
2.32932e+02 	 1.29436e-03 	 -1.09056e-07
2.34396e+02 	 1.26433e-03 	 -9.91790e-08
2.35868e+02 	 1.23504e-03 	 -8.95967e-08
2.37350e+02 	 1.20647e-03 	 -8.02995e-08
2.38842e+02 	 1.17860e-03 	 -7.12779e-08
2.40342e+02 	 1.15141e-03 	 -6.25226e-08
2.41852e+02 	 1.12488e-03 	 -5.40252e-08
2.43372e+02 	 1.09900e-03 	 -4.57774e-08
2.44901e+02 	 1.07374e-03 	 -3.77713e-08
2.46440e+02 	 1.04909e-03 	 -2.99996e-08
2.47988e+02 	 1.02503e-03 	 -2.24552e-08
2.49547e+02 	 1.00156e-03 	 -1.51313e-08
2.51114e+02 	 9.78640e-04 	 -8.02152e-09
2.52692e+02 	 9.56270e-04 	 -1.11983e-09
2.54280e+02 	 9.34433e-04 	 5.57959e-09
2.55878e+02 	 9.13114e-04 	 1.20822e-08
2.57485e+02 	 8.92300e-04 	 1.83933e-08
2.59103e+02 	 8.71976e-04 	 2.45177e-08
2.60731e+02 	 8.52131e-04 	 3.04603e-08
2.62369e+02 	 8.32751e-04 	 3.62254e-08
2.64018e+02 	 8.13825e-04 	 4.18174e-08
2.65677e+02 	 7.95341e-04 	 4.72402e-08
2.67346e+02 	 7.77286e-04 	 5.24977e-08
2.69026e+02 	 7.59651e-04 	 5.75935e-08
2.70716e+02 	 7.42424e-04 	 6.25310e-08
2.72417e+02 	 7.25594e-04 	 6.73135e-08
2.74129e+02 	 7.09152e-04 	 7.19441e-08
2.75851e+02 	 6.93088e-04 	 7.64257e-08
2.77584e+02 	 6.77392e-04 	 8.07610e-08
2.79329e+02 	 6.62054e-04 	 8.49526e-08
2.81084e+02 	 6.47066e-04 	 8.90031e-08
2.82850e+02 	 6.32419e-04 	 9.29148e-08
2.84627e+02 	 6.18105e-04 	 9.66898e-08
2.86415e+02 	 6.04114e-04 	 1.00330e-07
2.88215e+02 	 5.90439e-04 	 1.03838e-07
2.90026e+02 	 5.77073e-04 	 1.07215e-07
2.91848e+02 	 5.64007e-04 	 1.10463e-07
2.93682e+02 	 5.51234e-04 	 1.13583e-07
2.95527e+02 	 5.38747e-04 	 1.16578e-07
2.97384e+02 	 5.26540e-04 	 1.19447e-07
2.99252e+02 	 5.14604e-04 	 1.22194e-07
3.01133e+02 	 5.02934e-04 	 1.24819e-07
3.03025e+02 	 4.91523e-04 	 1.27323e-07
3.04929e+02 	 4.80365e-04 	 1.29707e-07
3.06845e+02 	 4.69454e-04 	 1.31972e-07
3.08773e+02 	 4.58785e-04 	 1.34119e-07
3.10713e+02 	 4.48350e-04 	 1.36150e-07
3.12665e+02 	 4.38145e-04 	 1.38064e-07
3.14630e+02 	 4.28164e-04 	 1.39863e-07
3.16606e+02 	 4.18403e-04 	 1.41546e-07
3.18596e+02 	 4.08855e-04 	 1.43116e-07
3.20598e+02 	 3.99516e-04 	 1.44571e-07
3.22612e+02 	 3.90381e-04 	 1.45913e-07
3.24639e+02 	 3.81445e-04 	 1.47142e-07
3.26679e+02 	 3.72704e-04 	 1.48259e-07
3.28731e+02 	 3.64154e-04 	 1.49264e-07
3.30797e+02 	 3.55789e-04 	 1.50156e-07
3.32875e+02 	 3.47605e-04 	 1.50937e-07
3.34967e+02 	 3.39599e-04 	 1.51606e-07
3.37071e+02 	 3.31767e-04 	 1.52164e-07
3.39189e+02 	 3.24104e-04 	 1.52611e-07
3.41320e+02 	 3.16606e-04 	 1.52946e-07
3.43465e+02 	 3.09271e-04 	 1.53170e-07
3.45623e+02 	 3.02093e-04 	 1.53284e-07
3.47795e+02 	 2.95071e-04 	 1.53286e-07
3.49980e+02 	 2.88200e-04 	 1.53177e-07
3.52179e+02 	 2.81476e-04 	 1.52956e-07
3.54392e+02 	 2.74898e-04 	 1.52625e-07
3.56618e+02 	 2.68461e-04 	 1.52181e-07
3.58859e+02 	 2.62162e-04 	 1.51627e-07
3.61114e+02 	 2.55999e-04 	 1.50961e-07
3.63383e+02 	 2.49968e-04 	 1.50182e-07
3.65666e+02 	 2.44066e-04 	 1.49292e-07
3.67964e+02 	 2.38291e-04 	 1.48290e-07
3.70276e+02 	 2.32641e-04 	 1.47175e-07
3.72602e+02 	 2.27111e-04 	 1.45948e-07
3.74943e+02 	 2.21700e-04 	 1.44608e-07
3.77299e+02 	 2.16406e-04 	 1.43155e-07
3.79670e+02 	 2.11224e-04 	 1.41589e-07
3.82055e+02 	 2.06155e-04 	 1.39909e-07
3.84456e+02 	 2.01194e-04 	 1.38116e-07
3.86871e+02 	 1.96339e-04 	 1.36209e-07
3.89302e+02 	 1.91589e-04 	 1.34189e-07
3.91748e+02 	 1.86941e-04 	 1.32053e-07
3.94210e+02 	 1.82394e-04 	 1.29804e-07
3.96687e+02 	 1.77944e-04 	 1.27440e-07
3.99179e+02 	 1.73589e-04 	 1.24962e-07
4.01687e+02 	 1.69329e-04 	 1.22369e-07
4.04211e+02 	 1.65161e-04 	 1.19660e-07
4.06751e+02 	 1.61082e-04 	 1.16837e-07
4.09306e+02 	 1.57092e-04 	 1.13899e-07
4.11878e+02 	 1.53188e-04 	 1.10846e-07
4.14466e+02 	 1.49369e-04 	 1.07678e-07
4.17070e+02 	 1.45632e-04 	 1.04395e-07
4.19691e+02 	 1.41977e-04 	 1.00997e-07
4.22328e+02 	 1.38401e-04 	 9.74834e-08
4.24981e+02 	 1.34903e-04 	 9.38556e-08
4.27652e+02 	 1.31481e-04 	 9.01131e-08
4.30339e+02 	 1.28134e-04 	 8.62563e-08
4.33042e+02 	 1.24860e-04 	 8.22853e-08
4.35763e+02 	 1.21658e-04 	 7.82005e-08
4.38501e+02 	 1.18526e-04 	 7.40023e-08
4.41257e+02 	 1.15464e-04 	 6.96911e-08
4.44029e+02 	 1.12468e-04 	 6.52673e-08
4.46819e+02 	 1.09539e-04 	 6.07316e-08
4.49626e+02 	 1.06675e-04 	 5.60843e-08
4.52451e+02 	 1.03874e-04 	 5.13264e-08
4.55294e+02 	 1.01136e-04 	 4.64584e-08
4.58155e+02 	 9.84587e-05 	 4.14812e-08
4.61034e+02 	 9.58413e-05 	 3.63957e-08
4.63930e+02 	 9.32826e-05 	 3.12028e-08
4.66845e+02 	 9.07814e-05 	 2.59035e-08
4.69779e+02 	 8.83366e-05 	 2.04991e-08
4.72730e+02 	 8.59471e-05 	 1.49907e-08
4.75701e+02 	 8.36118e-05 	 9.37966e-09
4.78690e+02 	 8.13296e-05 	 3.66733e-09
4.81697e+02 	 7.90995e-05 	 -2.14475e-09
4.84724e+02 	 7.69205e-05 	 -8.05497e-09
4.87769e+02 	 7.47915e-05 	 -1.40616e-08
4.90834e+02 	 7.27116e-05 	 -2.01629e-08
4.93918e+02 	 7.06799e-05 	 -2.63568e-08
4.97022e+02 	 6.86953e-05 	 -3.26413e-08
5.00144e+02 	 6.67570e-05 	 -3.90142e-08
5.03287e+02 	 6.48641e-05 	 -4.54733e-08
5.06449e+02 	 6.30157e-05 	 -5.20160e-08
5.09631e+02 	 6.12108e-05 	 -5.86398e-08
5.12833e+02 	 5.94488e-05 	 -6.53421e-08
5.16056e+02 	 5.77286e-05 	 -7.21198e-08
5.19298e+02 	 5.60495e-05 	 -7.89702e-08
5.22561e+02 	 5.44108e-05 	 -8.58900e-08
5.25844e+02 	 5.28115e-05 	 -9.28759e-08
5.29148e+02 	 5.12510e-05 	 -9.99244e-08
5.32473e+02 	 4.97284e-05 	 -1.07032e-07
5.35819e+02 	 4.82431e-05 	 -1.14195e-07
5.39185e+02 	 4.67943e-05 	 -1.21409e-07
5.42573e+02 	 4.53812e-05 	 -1.28671e-07
5.45982e+02 	 4.40033e-05 	 -1.35975e-07
5.49413e+02 	 4.26597e-05 	 -1.43318e-07
5.52865e+02 	 4.13498e-05 	 -1.50694e-07
5.56339e+02 	 4.00729e-05 	 -1.58100e-07
5.59834e+02 	 3.88284e-05 	 -1.65529e-07
5.63352e+02 	 3.76157e-05 	 -1.72977e-07
5.66891e+02 	 3.64340e-05 	 -1.80439e-07
5.70453e+02 	 3.52829e-05 	 -1.87907e-07
5.74037e+02 	 3.41615e-05 	 -1.95378e-07
5.77644e+02 	 3.30695e-05 	 -2.02844e-07
5.81274e+02 	 3.20061e-05 	 -2.10300e-07
5.84926e+02 	 3.09708e-05 	 -2.17738e-07
5.88601e+02 	 2.99630e-05 	 -2.25153e-07
5.92299e+02 	 2.89822e-05 	 -2.32537e-07
5.96021e+02 	 2.80277e-05 	 -2.39883e-07
5.99766e+02 	 2.70992e-05 	 -2.47184e-07
6.03534e+02 	 2.61959e-05 	 -2.54432e-07
6.07326e+02 	 2.53174e-05 	 -2.61619e-07
6.11142e+02 	 2.44633e-05 	 -2.68737e-07
6.14982e+02 	 2.36329e-05 	 -2.75779e-07
6.18846e+02 	 2.28257e-05 	 -2.82734e-07
6.22735e+02 	 2.20413e-05 	 -2.89596e-07
6.26647e+02 	 2.12793e-05 	 -2.96353e-07
6.30585e+02 	 2.05390e-05 	 -3.02999e-07
6.34547e+02 	 1.98201e-05 	 -3.09522e-07
6.38534e+02 	 1.91220e-05 	 -3.15913e-07
6.42546e+02 	 1.84444e-05 	 -3.22162e-07
6.46583e+02 	 1.77868e-05 	 -3.28259e-07
6.50646e+02 	 1.71487e-05 	 -3.34193e-07
6.54734e+02 	 1.65297e-05 	 -3.39954e-07
6.58848e+02 	 1.59293e-05 	 -3.45532e-07
6.62987e+02 	 1.53473e-05 	 -3.50913e-07
6.67153e+02 	 1.47830e-05 	 -3.56089e-07
6.71345e+02 	 1.42362e-05 	 -3.61046e-07
6.75563e+02 	 1.37065e-05 	 -3.65773e-07
6.79808e+02 	 1.31933e-05 	 -3.70258e-07
6.84079e+02 	 1.26964e-05 	 -3.74489e-07
6.88377e+02 	 1.22154e-05 	 -3.78453e-07
6.92702e+02 	 1.17499e-05 	 -3.82138e-07
6.97055e+02 	 1.12995e-05 	 -3.85531e-07
7.01434e+02 	 1.08638e-05 	 -3.88619e-07
7.05842e+02 	 1.04425e-05 	 -3.91389e-07
7.10277e+02 	 1.00353e-05 	 -3.93828e-07
7.14739e+02 	 9.64179e-06 	 -3.95921e-07
7.19230e+02 	 9.26161e-06 	 -3.97657e-07
7.23749e+02 	 8.89444e-06 	 -3.99020e-07
7.28297e+02 	 8.53996e-06 	 -3.99998e-07
7.32873e+02 	 8.19784e-06 	 -4.00576e-07
7.37478e+02 	 7.86776e-06 	 -4.00740e-07
7.42111e+02 	 7.54941e-06 	 -4.00476e-07
7.46774e+02 	 7.24247e-06 	 -3.99771e-07
7.51466e+02 	 6.94664e-06 	 -3.98609e-07
7.56188e+02 	 6.66163e-06 	 -3.96978e-07
7.60939e+02 	 6.38713e-06 	 -3.94863e-07
7.65720e+02 	 6.12286e-06 	 -3.92249e-07
7.70531e+02 	 5.86854e-06 	 -3.89124e-07
7.75373e+02 	 5.62389e-06 	 -3.85472e-07
7.80245e+02 	 5.38863e-06 	 -3.81281e-07
7.85147e+02 	 5.16250e-06 	 -3.76536e-07
7.90080e+02 	 4.94523e-06 	 -3.71224e-07
7.95044e+02 	 4.73656e-06 	 -3.65332e-07
8.00040e+02 	 4.53624e-06 	 -3.58847e-07
8.05067e+02 	 4.34402e-06 	 -3.51755e-07
8.10125e+02 	 4.15965e-06 	 -3.44045e-07
8.15215e+02 	 3.98290e-06 	 -3.35704e-07
8.20337e+02 	 3.81354e-06 	 -3.26719e-07
8.25492e+02 	 3.65132e-06 	 -3.17081e-07
8.30678e+02 	 3.49602e-06 	 -3.06777e-07
8.35898e+02 	 3.34743e-06 	 -2.95797e-07
8.41150e+02 	 3.20532e-06 	 -2.84131e-07
8.46435e+02 	 3.06949e-06 	 -2.71769e-07
8.51753e+02 	 2.93973e-06 	 -2.58703e-07
8.57105e+02 	 2.81583e-06 	 -2.44924e-07
8.62490e+02 	 2.69759e-06 	 -2.30424e-07
8.67910e+02 	 2.58483e-06 	 -2.15197e-07
8.73363e+02 	 2.47735e-06 	 -1.99237e-07
8.78850e+02 	 2.37496e-06 	 -1.82537e-07
8.84372e+02 	 2.27749e-06 	 -1.65094e-07
8.89929e+02 	 2.18475e-06 	 -1.46905e-07
8.95521e+02 	 2.09658e-06 	 -1.27966e-07
9.01147e+02 	 2.01281e-06 	 -1.08277e-07
9.06809e+02 	 1.93326e-06 	 -8.78357e-08
9.12507e+02 	 1.85779e-06 	 -6.66441e-08
9.18240e+02 	 1.78623e-06 	 -4.47037e-08
9.24010e+02 	 1.71844e-06 	 -2.20177e-08
9.29816e+02 	 1.65426e-06 	 1.40959e-09
9.35658e+02 	 1.59355e-06 	 2.55725e-08
9.41537e+02 	 1.53617e-06 	 5.04638e-08
9.47453e+02 	 1.48198e-06 	 7.60751e-08
9.53406e+02 	 1.43086e-06 	 1.02396e-07
9.59396e+02 	 1.38267e-06 	 1.29415e-07
9.65424e+02 	 1.33728e-06 	 1.57119e-07
9.71490e+02 	 1.29459e-06 	 1.85494e-07
9.77594e+02 	 1.25446e-06 	 2.14521e-07
9.83736e+02 	 1.21678e-06 	 2.44184e-07
9.89917e+02 	 1.18145e-06 	 2.74461e-07
9.96137e+02 	 1.14835e-06 	 3.05331e-07
1.00240e+03 	 1.11739e-06 	 3.36770e-07
1.00869e+03 	 1.08847e-06 	 3.68752e-07
1.01503e+03 	 1.06148e-06 	 4.01249e-07
1.02141e+03 	 1.03633e-06 	 4.34231e-07
1.02783e+03 	 1.01294e-06 	 4.67665e-07
1.03429e+03 	 9.91220e-07 	 5.01519e-07
1.04078e+03 	 9.71082e-07 	 5.35755e-07
1.04732e+03 	 9.52447e-07 	 5.70335e-07
1.05390e+03 	 9.35240e-07 	 6.05218e-07
1.06053e+03 	 9.19385e-07 	 6.40362e-07
1.06719e+03 	 9.04811e-07 	 6.75721e-07
1.07389e+03 	 8.91451e-07 	 7.11249e-07
1.08064e+03 	 8.79239e-07 	 7.46895e-07
1.08743e+03 	 8.68113e-07 	 7.82607e-07
1.09426e+03 	 8.58012e-07 	 8.18332e-07
1.10114e+03 	 8.48879e-07 	 8.54012e-07
1.10806e+03 	 8.40661e-07 	 8.89590e-07
1.11502e+03 	 8.33305e-07 	 9.25004e-07
1.12203e+03 	 8.26762e-07 	 9.60192e-07
1.12908e+03 	 8.20985e-07 	 9.95087e-07
1.13617e+03 	 8.15929e-07 	 1.02962e-06
1.14331e+03 	 8.11552e-07 	 1.06373e-06
1.15049e+03 	 8.07814e-07 	 1.09734e-06
1.15772e+03 	 8.04677e-07 	 1.13037e-06
1.16500e+03 	 8.02104e-07 	 1.16275e-06
1.17232e+03 	 8.00063e-07 	 1.19440e-06
1.17968e+03 	 7.98520e-07 	 1.22525e-06
1.18709e+03 	 7.97446e-07 	 1.25521e-06
1.19455e+03 	 7.96812e-07 	 1.28420e-06
1.20206e+03 	 7.96591e-07 	 1.31213e-06
1.20961e+03 	 7.96757e-07 	 1.33893e-06
1.21721e+03 	 7.97287e-07 	 1.36450e-06
1.22486e+03 	 7.98158e-07 	 1.38875e-06
1.23256e+03 	 7.99349e-07 	 1.41160e-06
1.24030e+03 	 8.00839e-07 	 1.43296e-06
1.24809e+03 	 8.02608e-07 	 1.45274e-06
1.25594e+03 	 8.04638e-07 	 1.47084e-06
1.26383e+03 	 8.06913e-07 	 1.48717e-06
1.27177e+03 	 8.09413e-07 	 1.50165e-06
1.27976e+03 	 8.12124e-07 	 1.51418e-06
1.28780e+03 	 8.15029e-07 	 1.52467e-06
1.29589e+03 	 8.18112e-07 	 1.53303e-06
1.30403e+03 	 8.21357e-07 	 1.53917e-06
1.31223e+03 	 8.24750e-07 	 1.54301e-06
1.32047e+03 	 8.28273e-07 	 1.54445e-06
1.32877e+03 	 8.31913e-07 	 1.54340e-06
1.33712e+03 	 8.35651e-07 	 1.53980e-06
1.34552e+03 	 8.39472e-07 	 1.53355e-06
1.35397e+03 	 8.43359e-07 	 1.52457e-06
1.36248e+03 	 8.47293e-07 	 1.51279e-06
1.37104e+03 	 8.51255e-07 	 1.49813e-06
1.37965e+03 	 8.55227e-07 	 1.48053e-06
1.38832e+03 	 8.59186e-07 	 1.45992e-06
1.39705e+03 	 8.63112e-07 	 1.43623e-06
1.40582e+03 	 8.66980e-07 	 1.40942e-06
1.41466e+03 	 8.70767e-07 	 1.37942e-06
1.42355e+03 	 8.74447e-07 	 1.34620e-06
1.43249e+03 	 8.77991e-07 	 1.30971e-06
1.44149e+03 	 8.81372e-07 	 1.26992e-06
1.45055e+03 	 8.84557e-07 	 1.22681e-06
1.45966e+03 	 8.87516e-07 	 1.18034e-06
1.46883e+03 	 8.90213e-07 	 1.13052e-06
1.47806e+03 	 8.92614e-07 	 1.07733e-06
1.48735e+03 	 8.94681e-07 	 1.02078e-06
1.49669e+03 	 8.96376e-07 	 9.60898e-07
1.50610e+03 	 8.97656e-07 	 8.97692e-07
1.51556e+03 	 8.98482e-07 	 8.31203e-07
1.52508e+03 	 8.98809e-07 	 7.61477e-07
1.53467e+03 	 8.98593e-07 	 6.88569e-07
1.54431e+03 	 8.97788e-07 	 6.12550e-07
1.55401e+03 	 8.96347e-07 	 5.33501e-07
1.56378e+03 	 8.94222e-07 	 4.51514e-07
1.57360e+03 	 8.91367e-07 	 3.66698e-07
1.58349e+03 	 8.87732e-07 	 2.79172e-07
1.59344e+03 	 8.83269e-07 	 1.89073e-07
1.60345e+03 	 8.77930e-07 	 9.65483e-08
1.61353e+03 	 8.71668e-07 	 1.76293e-09
1.62366e+03 	 8.64436e-07 	 -9.51042e-08
1.63387e+03 	 8.56190e-07 	 -1.93859e-07
1.64413e+03 	 8.46885e-07 	 -2.94291e-07
1.65446e+03 	 8.36482e-07 	 -3.96175e-07
1.66486e+03 	 8.24941e-07 	 -4.99269e-07
1.67532e+03 	 8.12228e-07 	 -6.03318e-07
1.68584e+03 	 7.98311e-07 	 -7.08048e-07
1.69644e+03 	 7.83161e-07 	 -8.13171e-07
1.70710e+03 	 7.66757e-07 	 -9.18385e-07
1.71782e+03 	 7.49079e-07 	 -1.02337e-06
1.72861e+03 	 7.30116e-07 	 -1.12780e-06
1.73948e+03 	 7.09861e-07 	 -1.23132e-06
1.75041e+03 	 6.88315e-07 	 -1.33358e-06
1.76140e+03 	 6.65484e-07 	 -1.43421e-06
1.77247e+03 	 6.41383e-07 	 -1.53282e-06
1.78361e+03 	 6.16034e-07 	 -1.62903e-06
1.79481e+03 	 5.89468e-07 	 -1.72243e-06
1.80609e+03 	 5.61724e-07 	 -1.81263e-06
1.81744e+03 	 5.32848e-07 	 -1.89919e-06
1.82886e+03 	 5.02900e-07 	 -1.98172e-06
1.84035e+03 	 4.71942e-07 	 -2.05980e-06
1.85191e+03 	 4.40052e-07 	 -2.13300e-06
1.86355e+03 	 4.07313e-07 	 -2.20091e-06
1.87526e+03 	 3.73818e-07 	 -2.26312e-06
1.88704e+03 	 3.39669e-07 	 -2.31923e-06
1.89890e+03 	 3.04977e-07 	 -2.36882e-06
1.91083e+03 	 2.69862e-07 	 -2.41145e-06
1.92283e+03 	 2.34451e-07 	 -2.44656e-06
1.93492e+03 	 1.98880e-07 	 -2.47314e-06
1.94707e+03 	 1.63298e-07 	 -2.48875e-06
1.95931e+03 	 1.27878e-07 	 -2.48612e-06
1.97162e+03 	 9.28574e-08 	 -2.44210e-06
1.98401e+03 	 5.86888e-08 	 -2.28068e-06
1.99647e+03 	 2.65382e-08 	 -1.74911e-06
2.00902e+03 	 0.00000e+00 	 0.00000e+00
