# r-coordinate 	 ur 	 utheta
1.00000e+02 	 0.00000e+00 	 0.00000e+00
1.00628e+02 	 -5.36330e-04 	 9.78613e-06
1.01261e+02 	 -1.04071e-03 	 1.90373e-05
1.01897e+02 	 -1.51440e-03 	 2.78270e-05
1.02537e+02 	 -1.95842e-03 	 3.62221e-05
1.03181e+02 	 -2.37360e-03 	 4.42836e-05
1.03830e+02 	 -2.76059e-03 	 5.20672e-05
1.04482e+02 	 -3.11990e-03 	 5.96241e-05
1.05138e+02 	 -3.45188e-03 	 6.70017e-05
1.05799e+02 	 -3.75675e-03 	 7.42439e-05
1.06464e+02 	 -4.03455e-03 	 8.13916e-05
1.07133e+02 	 -4.28520e-03 	 8.84834e-05
1.07806e+02 	 -4.50844e-03 	 9.55551e-05
1.08483e+02 	 -4.70385e-03 	 1.02641e-04
1.09165e+02 	 -4.87084e-03 	 1.09773e-04
1.09851e+02 	 -5.00864e-03 	 1.16982e-04
1.10541e+02 	 -5.11628e-03 	 1.24296e-04
1.11236e+02 	 -5.19259e-03 	 1.31741e-04
1.11934e+02 	 -5.23615e-03 	 1.39343e-04
1.12638e+02 	 -5.24530e-03 	 1.47121e-04
1.13346e+02 	 -5.21811e-03 	 1.55093e-04
1.14058e+02 	 -5.15231e-03 	 1.63269e-04
1.14774e+02 	 -5.04528e-03 	 1.71653e-04
1.15495e+02 	 -4.89397e-03 	 1.80232e-04
1.16221e+02 	 -4.69481e-03 	 1.88974e-04
1.16951e+02 	 -4.44362e-03 	 1.97812e-04
1.17686e+02 	 -4.13543e-03 	 2.06620e-04
1.18426e+02 	 -3.76428e-03 	 2.15172e-04
1.19170e+02 	 -3.32302e-03 	 2.23062e-04
1.19919e+02 	 -2.80318e-03 	 2.29562e-04
1.20672e+02 	 -2.19551e-03 	 2.33336e-04
1.21430e+02 	 -1.49258e-03 	 2.31924e-04
1.22193e+02 	 -6.97853e-04 	 2.20861e-04
1.22961e+02 	 1.49240e-04 	 1.92628e-04
1.23734e+02 	 9.21570e-04 	 1.37285e-04
1.24511e+02 	 1.36418e-03 	 5.04471e-05
1.25293e+02 	 1.23113e-03 	 -5.08245e-05
1.26081e+02 	 5.51873e-04 	 -1.35035e-04
1.26873e+02 	 -4.04665e-04 	 -1.88583e-04
1.27670e+02 	 -1.40502e-03 	 -2.17001e-04
1.28472e+02 	 -2.34334e-03 	 -2.29640e-04
1.29279e+02 	 -3.19010e-03 	 -2.33307e-04
1.30092e+02 	 -3.94507e-03 	 -2.32023e-04
1.30909e+02 	 -4.61620e-03 	 -2.28024e-04
1.31731e+02 	 -5.21243e-03 	 -2.22541e-04
1.32559e+02 	 -5.74173e-03 	 -2.16266e-04
1.33392e+02 	 -6.21087e-03 	 -2.09598e-04
1.34230e+02 	 -6.62558e-03 	 -2.02772e-04
1.35074e+02 	 -6.99080e-03 	 -1.95931e-04
1.35922e+02 	 -7.31083e-03 	 -1.89162e-04
1.36776e+02 	 -7.58950e-03 	 -1.82521e-04
1.37636e+02 	 -7.83024e-03 	 -1.76043e-04
1.38500e+02 	 -8.03619e-03 	 -1.69747e-04
1.39371e+02 	 -8.21018e-03 	 -1.63646e-04
1.40246e+02 	 -8.35485e-03 	 -1.57747e-04
1.41128e+02 	 -8.47260e-03 	 -1.52051e-04
1.42014e+02 	 -8.56567e-03 	 -1.46558e-04
1.42907e+02 	 -8.63614e-03 	 -1.41265e-04
1.43805e+02 	 -8.68592e-03 	 -1.36169e-04
1.44708e+02 	 -8.71679e-03 	 -1.31265e-04
1.45617e+02 	 -8.73041e-03 	 -1.26548e-04
1.46532e+02 	 -8.72831e-03 	 -1.22012e-04
1.47453e+02 	 -8.71192e-03 	 -1.17652e-04
1.48379e+02 	 -8.68256e-03 	 -1.13461e-04
1.49312e+02 	 -8.64147e-03 	 -1.09434e-04
1.50250e+02 	 -8.58979e-03 	 -1.05563e-04
1.51194e+02 	 -8.52857e-03 	 -1.01845e-04
1.52144e+02 	 -8.45881e-03 	 -9.82723e-05
1.53100e+02 	 -8.38140e-03 	 -9.48397e-05
1.54062e+02 	 -8.29719e-03 	 -9.15416e-05
1.55030e+02 	 -8.20695e-03 	 -8.83728e-05
1.56004e+02 	 -8.11142e-03 	 -8.53280e-05
1.56984e+02 	 -8.01124e-03 	 -8.24021e-05
1.57970e+02 	 -7.90704e-03 	 -7.95904e-05
1.58963e+02 	 -7.79937e-03 	 -7.68882e-05
1.59962e+02 	 -7.68875e-03 	 -7.42909e-05
1.60967e+02 	 -7.57567e-03 	 -7.17942e-05
1.61978e+02 	 -7.46055e-03 	 -6.93940e-05
1.62996e+02 	 -7.34380e-03 	 -6.70863e-05
1.64020e+02 	 -7.22579e-03 	 -6.48672e-05
1.65051e+02 	 -7.10684e-03 	 -6.27330e-05
1.66088e+02 	 -6.98726e-03 	 -6.06802e-05
1.67131e+02 	 -6.86734e-03 	 -5.87054e-05
1.68181e+02 	 -6.74732e-03 	 -5.68054e-05
1.69238e+02 	 -6.62743e-03 	 -5.49771e-05
1.70301e+02 	 -6.50788e-03 	 -5.32174e-05
1.71371e+02 	 -6.38885e-03 	 -5.15236e-05
1.72448e+02 	 -6.27051e-03 	 -4.98929e-05
1.73532e+02 	 -6.15300e-03 	 -4.83227e-05
1.74622e+02 	 -6.03647e-03 	 -4.68105e-05
1.75719e+02 	 -5.92104e-03 	 -4.53539e-05
1.76823e+02 	 -5.80679e-03 	 -4.39506e-05
1.77934e+02 	 -5.69384e-03 	 -4.25985e-05
1.79052e+02 	 -5.58226e-03 	 -4.12954e-05
1.80177e+02 	 -5.47211e-03 	 -4.00394e-05
1.81309e+02 	 -5.36346e-03 	 -3.88285e-05
1.82449e+02 	 -5.25637e-03 	 -3.76609e-05
1.83595e+02 	 -5.15086e-03 	 -3.65348e-05
1.84749e+02 	 -5.04699e-03 	 -3.54487e-05
1.85909e+02 	 -4.94477e-03 	 -3.44008e-05
1.87078e+02 	 -4.84424e-03 	 -3.33896e-05
1.88253e+02 	 -4.74540e-03 	 -3.24138e-05
1.89436e+02 	 -4.64826e-03 	 -3.14718e-05
1.90626e+02 	 -4.55285e-03 	 -3.05624e-05
1.91824e+02 	 -4.45915e-03 	 -2.96842e-05
1.93029e+02 	 -4.36717e-03 	 -2.88361e-05
1.94242e+02 	 -4.27690e-03 	 -2.80168e-05
1.95462e+02 	 -4.18834e-03 	 -2.72252e-05
1.96690e+02 	 -4.10148e-03 	 -2.64603e-05
1.97926e+02 	 -4.01630e-03 	 -2.57211e-05
1.99170e+02 	 -3.93279e-03 	 -2.50064e-05
2.00421e+02 	 -3.85093e-03 	 -2.43155e-05
2.01681e+02 	 -3.77070e-03 	 -2.36474e-05
2.02948e+02 	 -3.69209e-03 	 -2.30012e-05
2.04223e+02 	 -3.61508e-03 	 -2.23762e-05
2.05506e+02 	 -3.53963e-03 	 -2.17714e-05
2.06797e+02 	 -3.46574e-03 	 -2.11862e-05
2.08097e+02 	 -3.39337e-03 	 -2.06199e-05
2.09404e+02 	 -3.32250e-03 	 -2.00716e-05
2.10720e+02 	 -3.25311e-03 	 -1.95409e-05
2.12044e+02 	 -3.18517e-03 	 -1.90269e-05
2.13376e+02 	 -3.11866e-03 	 -1.85292e-05
2.14717e+02 	 -3.05355e-03 	 -1.80471e-05
2.16066e+02 	 -2.98981e-03 	 -1.75800e-05
2.17424e+02 	 -2.92742e-03 	 -1.71275e-05
2.18790e+02 	 -2.86636e-03 	 -1.66890e-05
2.20164e+02 	 -2.80659e-03 	 -1.62639e-05
2.21548e+02 	 -2.74810e-03 	 -1.58519e-05
2.22940e+02 	 -2.69085e-03 	 -1.54525e-05
2.24341e+02 	 -2.63482e-03 	 -1.50651e-05
2.25750e+02 	 -2.57999e-03 	 -1.46895e-05
2.27169e+02 	 -2.52634e-03 	 -1.43251e-05
2.28596e+02 	 -2.47383e-03 	 -1.39717e-05
2.30032e+02 	 -2.42244e-03 	 -1.36287e-05
2.31478e+02 	 -2.37215e-03 	 -1.32960e-05
2.32932e+02 	 -2.32293e-03 	 -1.29730e-05
2.34396e+02 	 -2.27477e-03 	 -1.26596e-05
2.35868e+02 	 -2.22764e-03 	 -1.23553e-05
2.37350e+02 	 -2.18152e-03 	 -1.20598e-05
2.38842e+02 	 -2.13638e-03 	 -1.17729e-05
2.40342e+02 	 -2.09221e-03 	 -1.14943e-05
2.41852e+02 	 -2.04897e-03 	 -1.12237e-05
2.43372e+02 	 -2.00667e-03 	 -1.09609e-05
2.44901e+02 	 -1.96526e-03 	 -1.07055e-05
2.46440e+02 	 -1.92473e-03 	 -1.04573e-05
2.47988e+02 	 -1.88507e-03 	 -1.02162e-05
2.49547e+02 	 -1.84625e-03 	 -9.98181e-06
2.51114e+02 	 -1.80825e-03 	 -9.75400e-06
2.52692e+02 	 -1.77106e-03 	 -9.53253e-06
2.54280e+02 	 -1.73466e-03 	 -9.31721e-06
2.55878e+02 	 -1.69903e-03 	 -9.10784e-06
2.57485e+02 	 -1.66416e-03 	 -8.90422e-06
2.59103e+02 	 -1.63002e-03 	 -8.70619e-06
2.60731e+02 	 -1.59660e-03 	 -8.51355e-06
2.62369e+02 	 -1.56388e-03 	 -8.32615e-06
2.64018e+02 	 -1.53185e-03 	 -8.14382e-06
2.65677e+02 	 -1.50050e-03 	 -7.96640e-06
2.67346e+02 	 -1.46981e-03 	 -7.79374e-06
2.69026e+02 	 -1.43975e-03 	 -7.62570e-06
2.70716e+02 	 -1.41033e-03 	 -7.46213e-06
2.72417e+02 	 -1.38153e-03 	 -7.30289e-06
2.74129e+02 	 -1.35332e-03 	 -7.14786e-06
2.75851e+02 	 -1.32571e-03 	 -6.99690e-06
2.77584e+02 	 -1.29867e-03 	 -6.84990e-06
2.79329e+02 	 -1.27219e-03 	 -6.70673e-06
2.81084e+02 	 -1.24626e-03 	 -6.56728e-06
2.82850e+02 	 -1.22087e-03 	 -6.43143e-06
2.84627e+02 	 -1.19601e-03 	 -6.29909e-06
2.86415e+02 	 -1.17166e-03 	 -6.17014e-06
2.88215e+02 	 -1.14782e-03 	 -6.04448e-06
2.90026e+02 	 -1.12447e-03 	 -5.92202e-06
2.91848e+02 	 -1.10160e-03 	 -5.80267e-06
2.93682e+02 	 -1.07920e-03 	 -5.68633e-06
2.95527e+02 	 -1.05726e-03 	 -5.57291e-06
2.97384e+02 	 -1.03577e-03 	 -5.46233e-06
2.99252e+02 	 -1.01472e-03 	 -5.35451e-06
3.01133e+02 	 -9.94109e-04 	 -5.24937e-06
3.03025e+02 	 -9.73916e-04 	 -5.14682e-06
3.04929e+02 	 -9.54135e-04 	 -5.04680e-06
3.06845e+02 	 -9.34759e-04 	 -4.94923e-06
3.08773e+02 	 -9.15778e-04 	 -4.85405e-06
3.10713e+02 	 -8.97183e-04 	 -4.76117e-06
3.12665e+02 	 -8.78967e-04 	 -4.67055e-06
3.14630e+02 	 -8.61121e-04 	 -4.58211e-06
3.16606e+02 	 -8.43637e-04 	 -4.49579e-06
3.18596e+02 	 -8.26507e-04 	 -4.41153e-06
3.20598e+02 	 -8.09725e-04 	 -4.32928e-06
3.22612e+02 	 -7.93282e-04 	 -4.24898e-06
3.24639e+02 	 -7.77171e-04 	 -4.17056e-06
3.26679e+02 	 -7.61385e-04 	 -4.09399e-06
3.28731e+02 	 -7.45917e-04 	 -4.01921e-06
3.30797e+02 	 -7.30761e-04 	 -3.94616e-06
3.32875e+02 	 -7.15909e-04 	 -3.87481e-06
3.34967e+02 	 -7.01356e-04 	 -3.80510e-06
3.37071e+02 	 -6.87095e-04 	 -3.73698e-06
3.39189e+02 	 -6.73120e-04 	 -3.67042e-06
3.41320e+02 	 -6.59424e-04 	 -3.60537e-06
3.43465e+02 	 -6.46002e-04 	 -3.54179e-06
3.45623e+02 	 -6.32849e-04 	 -3.47963e-06
3.47795e+02 	 -6.19958e-04 	 -3.41887e-06
3.49980e+02 	 -6.07324e-04 	 -3.35946e-06
3.52179e+02 	 -5.94942e-04 	 -3.30136e-06
3.54392e+02 	 -5.82806e-04 	 -3.24454e-06
3.56618e+02 	 -5.70912e-04 	 -3.18896e-06
3.58859e+02 	 -5.59253e-04 	 -3.13459e-06
3.61114e+02 	 -5.47826e-04 	 -3.08140e-06
3.63383e+02 	 -5.36626e-04 	 -3.02936e-06
3.65666e+02 	 -5.25647e-04 	 -2.97842e-06
3.67964e+02 	 -5.14885e-04 	 -2.92857e-06
3.70276e+02 	 -5.04336e-04 	 -2.87978e-06
3.72602e+02 	 -4.93996e-04 	 -2.83201e-06
3.74943e+02 	 -4.83859e-04 	 -2.78524e-06
3.77299e+02 	 -4.73922e-04 	 -2.73944e-06
3.79670e+02 	 -4.64181e-04 	 -2.69458e-06
3.82055e+02 	 -4.54632e-04 	 -2.65065e-06
3.84456e+02 	 -4.45270e-04 	 -2.60761e-06
3.86871e+02 	 -4.36092e-04 	 -2.56544e-06
3.89302e+02 	 -4.27095e-04 	 -2.52411e-06
3.91748e+02 	 -4.18274e-04 	 -2.48361e-06
3.94210e+02 	 -4.09625e-04 	 -2.44392e-06
3.96687e+02 	 -4.01147e-04 	 -2.40500e-06
3.99179e+02 	 -3.92834e-04 	 -2.36685e-06
4.01687e+02 	 -3.84683e-04 	 -2.32944e-06
4.04211e+02 	 -3.76692e-04 	 -2.29274e-06
4.06751e+02 	 -3.68857e-04 	 -2.25675e-06
4.09306e+02 	 -3.61175e-04 	 -2.22144e-06
4.11878e+02 	 -3.53643e-04 	 -2.18679e-06
4.14466e+02 	 -3.46257e-04 	 -2.15280e-06
4.17070e+02 	 -3.39016e-04 	 -2.11943e-06
4.19691e+02 	 -3.31915e-04 	 -2.08667e-06
4.22328e+02 	 -3.24952e-04 	 -2.05451e-06
4.24981e+02 	 -3.18125e-04 	 -2.02293e-06
4.27652e+02 	 -3.11431e-04 	 -1.99192e-06
4.30339e+02 	 -3.04866e-04 	 -1.96145e-06
4.33042e+02 	 -2.98429e-04 	 -1.93153e-06
4.35763e+02 	 -2.92117e-04 	 -1.90212e-06
4.38501e+02 	 -2.85928e-04 	 -1.87322e-06
4.41257e+02 	 -2.79858e-04 	 -1.84482e-06
4.44029e+02 	 -2.73906e-04 	 -1.81690e-06
4.46819e+02 	 -2.68070e-04 	 -1.78945e-06
4.49626e+02 	 -2.62346e-04 	 -1.76246e-06
4.52451e+02 	 -2.56734e-04 	 -1.73591e-06
4.55294e+02 	 -2.51230e-04 	 -1.70980e-06
4.58155e+02 	 -2.45832e-04 	 -1.68410e-06
4.61034e+02 	 -2.40539e-04 	 -1.65882e-06
4.63930e+02 	 -2.35349e-04 	 -1.63394e-06
4.66845e+02 	 -2.30258e-04 	 -1.60945e-06
4.69779e+02 	 -2.25267e-04 	 -1.58534e-06
4.72730e+02 	 -2.20372e-04 	 -1.56160e-06
4.75701e+02 	 -2.15571e-04 	 -1.53823e-06
4.78690e+02 	 -2.10864e-04 	 -1.51520e-06
4.81697e+02 	 -2.06247e-04 	 -1.49252e-06
4.84724e+02 	 -2.01720e-04 	 -1.47017e-06
4.87769e+02 	 -1.97280e-04 	 -1.44815e-06
4.90834e+02 	 -1.92927e-04 	 -1.42645e-06
4.93918e+02 	 -1.88657e-04 	 -1.40505e-06
4.97022e+02 	 -1.84471e-04 	 -1.38396e-06
5.00144e+02 	 -1.80365e-04 	 -1.36317e-06
5.03287e+02 	 -1.76339e-04 	 -1.34266e-06
5.06449e+02 	 -1.72391e-04 	 -1.32243e-06
5.09631e+02 	 -1.68520e-04 	 -1.30248e-06
5.12833e+02 	 -1.64723e-04 	 -1.28279e-06
5.16056e+02 	 -1.61001e-04 	 -1.26336e-06
5.19298e+02 	 -1.57351e-04 	 -1.24420e-06
5.22561e+02 	 -1.53771e-04 	 -1.22527e-06
5.25844e+02 	 -1.50262e-04 	 -1.20660e-06
5.29148e+02 	 -1.46820e-04 	 -1.18816e-06
5.32473e+02 	 -1.43446e-04 	 -1.16995e-06
5.35819e+02 	 -1.40138e-04 	 -1.15197e-06
5.39185e+02 	 -1.36894e-04 	 -1.13422e-06
5.42573e+02 	 -1.33713e-04 	 -1.11668e-06
5.45982e+02 	 -1.30595e-04 	 -1.09935e-06
5.49413e+02 	 -1.27538e-04 	 -1.08223e-06
5.52865e+02 	 -1.24541e-04 	 -1.06532e-06
5.56339e+02 	 -1.21602e-04 	 -1.04861e-06
5.59834e+02 	 -1.18722e-04 	 -1.03209e-06
5.63352e+02 	 -1.15898e-04 	 -1.01577e-06
5.66891e+02 	 -1.13130e-04 	 -9.99637e-07
5.70453e+02 	 -1.10417e-04 	 -9.83688e-07
5.74037e+02 	 -1.07757e-04 	 -9.67921e-07
5.77644e+02 	 -1.05150e-04 	 -9.52334e-07
5.81274e+02 	 -1.02595e-04 	 -9.36922e-07
5.84926e+02 	 -1.00091e-04 	 -9.21684e-07
5.88601e+02 	 -9.76369e-05 	 -9.06616e-07
5.92299e+02 	 -9.52317e-05 	 -8.91715e-07
5.96021e+02 	 -9.28747e-05 	 -8.76980e-07
5.99766e+02 	 -9.05651e-05 	 -8.62408e-07
6.03534e+02 	 -8.83019e-05 	 -8.47996e-07
6.07326e+02 	 -8.60844e-05 	 -8.33742e-07
6.11142e+02 	 -8.39118e-05 	 -8.19646e-07
6.14982e+02 	 -8.17833e-05 	 -8.05704e-07
6.18846e+02 	 -7.96981e-05 	 -7.91914e-07
6.22735e+02 	 -7.76554e-05 	 -7.78276e-07
6.26647e+02 	 -7.56546e-05 	 -7.64788e-07
6.30585e+02 	 -7.36948e-05 	 -7.51448e-07
6.34547e+02 	 -7.17754e-05 	 -7.38255e-07
6.38534e+02 	 -6.98957e-05 	 -7.25207e-07
6.42546e+02 	 -6.80549e-05 	 -7.12305e-07
6.46583e+02 	 -6.62525e-05 	 -6.99545e-07
6.50646e+02 	 -6.44877e-05 	 -6.86929e-07
6.54734e+02 	 -6.27599e-05 	 -6.74454e-07
6.58848e+02 	 -6.10685e-05 	 -6.62120e-07
6.62987e+02 	 -5.94129e-05 	 -6.49926e-07
6.67153e+02 	 -5.77923e-05 	 -6.37872e-07
6.71345e+02 	 -5.62064e-05 	 -6.25957e-07
6.75563e+02 	 -5.46543e-05 	 -6.14181e-07
6.79808e+02 	 -5.31357e-05 	 -6.02543e-07
6.84079e+02 	 -5.16498e-05 	 -5.91043e-07
6.88377e+02 	 -5.01962e-05 	 -5.79681e-07
6.92702e+02 	 -4.87743e-05 	 -5.68456e-07
6.97055e+02 	 -4.73836e-05 	 -5.57369e-07
7.01434e+02 	 -4.60235e-05 	 -5.46418e-07
7.05842e+02 	 -4.46935e-05 	 -5.35605e-07
7.10277e+02 	 -4.33931e-05 	 -5.24930e-07
7.14739e+02 	 -4.21219e-05 	 -5.14391e-07
7.19230e+02 	 -4.08792e-05 	 -5.03990e-07
7.23749e+02 	 -3.96647e-05 	 -4.93726e-07
7.28297e+02 	 -3.84779e-05 	 -4.83600e-07
7.32873e+02 	 -3.73183e-05 	 -4.73612e-07
7.37478e+02 	 -3.61853e-05 	 -4.63762e-07
7.42111e+02 	 -3.50787e-05 	 -4.54050e-07
7.46774e+02 	 -3.39979e-05 	 -4.44476e-07
7.51466e+02 	 -3.29425e-05 	 -4.35041e-07
7.56188e+02 	 -3.19121e-05 	 -4.25746e-07
7.60939e+02 	 -3.09062e-05 	 -4.16589e-07
7.65720e+02 	 -2.99244e-05 	 -4.07571e-07
7.70531e+02 	 -2.89663e-05 	 -3.98694e-07
7.75373e+02 	 -2.80316e-05 	 -3.89956e-07
7.80245e+02 	 -2.71197e-05 	 -3.81359e-07
7.85147e+02 	 -2.62303e-05 	 -3.72902e-07
7.90080e+02 	 -2.53631e-05 	 -3.64585e-07
7.95044e+02 	 -2.45176e-05 	 -3.56409e-07
8.00040e+02 	 -2.36934e-05 	 -3.48375e-07
8.05067e+02 	 -2.28902e-05 	 -3.40481e-07
8.10125e+02 	 -2.21076e-05 	 -3.32728e-07
8.15215e+02 	 -2.13453e-05 	 -3.25116e-07
8.20337e+02 	 -2.06028e-05 	 -3.17646e-07
8.25492e+02 	 -1.98799e-05 	 -3.10316e-07
8.30678e+02 	 -1.91762e-05 	 -3.03127e-07
8.35898e+02 	 -1.84912e-05 	 -2.96079e-07
8.41150e+02 	 -1.78248e-05 	 -2.89171e-07
8.46435e+02 	 -1.71765e-05 	 -2.82404e-07
8.51753e+02 	 -1.65460e-05 	 -2.75776e-07
8.57105e+02 	 -1.59331e-05 	 -2.69287e-07
8.62490e+02 	 -1.53372e-05 	 -2.62937e-07
8.67910e+02 	 -1.47582e-05 	 -2.56726e-07
8.73363e+02 	 -1.41957e-05 	 -2.50651e-07
8.78850e+02 	 -1.36494e-05 	 -2.44714e-07
8.84372e+02 	 -1.31190e-05 	 -2.38912e-07
8.89929e+02 	 -1.26042e-05 	 -2.33245e-07
8.95521e+02 	 -1.21046e-05 	 -2.27712e-07
9.01147e+02 	 -1.16200e-05 	 -2.22312e-07
9.06809e+02 	 -1.11501e-05 	 -2.17043e-07
9.12507e+02 	 -1.06945e-05 	 -2.11904e-07
9.18240e+02 	 -1.02530e-05 	 -2.06893e-07
9.24010e+02 	 -9.82522e-06 	 -2.02010e-07
9.29816e+02 	 -9.41097e-06 	 -1.97253e-07
9.35658e+02 	 -9.00993e-06 	 -1.92619e-07
9.41537e+02 	 -8.62182e-06 	 -1.88107e-07
9.47453e+02 	 -8.24635e-06 	 -1.83714e-07
9.53406e+02 	 -7.88324e-06 	 -1.79440e-07
9.59396e+02 	 -7.53223e-06 	 -1.75281e-07
9.65424e+02 	 -7.19305e-06 	 -1.71236e-07
9.71490e+02 	 -6.86542e-06 	 -1.67302e-07
9.77594e+02 	 -6.54908e-06 	 -1.63476e-07
9.83736e+02 	 -6.24377e-06 	 -1.59757e-07
9.89917e+02 	 -5.94924e-06 	 -1.56141e-07
9.96137e+02 	 -5.66521e-06 	 -1.52626e-07
1.00240e+03 	 -5.39145e-06 	 -1.49208e-07
1.00869e+03 	 -5.12769e-06 	 -1.45886e-07
1.01503e+03 	 -4.87370e-06 	 -1.42655e-07
1.02141e+03 	 -4.62923e-06 	 -1.39514e-07
1.02783e+03 	 -4.39403e-06 	 -1.36458e-07
1.03429e+03 	 -4.16787e-06 	 -1.33485e-07
1.04078e+03 	 -3.95051e-06 	 -1.30591e-07
1.04732e+03 	 -3.74172e-06 	 -1.27774e-07
1.05390e+03 	 -3.54127e-06 	 -1.25030e-07
1.06053e+03 	 -3.34893e-06 	 -1.22355e-07
1.06719e+03 	 -3.16449e-06 	 -1.19746e-07
1.07389e+03 	 -2.98771e-06 	 -1.17200e-07
1.08064e+03 	 -2.81839e-06 	 -1.14714e-07
1.08743e+03 	 -2.65631e-06 	 -1.12283e-07
1.09426e+03 	 -2.50125e-06 	 -1.09906e-07
1.10114e+03 	 -2.35302e-06 	 -1.07578e-07
1.10806e+03 	 -2.21141e-06 	 -1.05296e-07
1.11502e+03 	 -2.07621e-06 	 -1.03058e-07
1.12203e+03 	 -1.94723e-06 	 -1.00859e-07
1.12908e+03 	 -1.82429e-06 	 -9.86973e-08
1.13617e+03 	 -1.70717e-06 	 -9.65694e-08
1.14331e+03 	 -1.59571e-06 	 -9.44726e-08
1.15049e+03 	 -1.48971e-06 	 -9.24043e-08
1.15772e+03 	 -1.38900e-06 	 -9.03617e-08
1.16500e+03 	 -1.29340e-06 	 -8.83424e-08
1.17232e+03 	 -1.20274e-06 	 -8.63443e-08
1.17968e+03 	 -1.11684e-06 	 -8.43652e-08
1.18709e+03 	 -1.03555e-06 	 -8.24033e-08
1.19455e+03 	 -9.58693e-07 	 -8.04568e-08
1.20206e+03 	 -8.86117e-07 	 -7.85243e-08
1.20961e+03 	 -8.17665e-07 	 -7.66046e-08
1.21721e+03 	 -7.53185e-07 	 -7.46967e-08
1.22486e+03 	 -6.92529e-07 	 -7.27999e-08
1.23256e+03 	 -6.35551e-07 	 -7.09138e-08
1.24030e+03 	 -5.82110e-07 	 -6.90382e-08
1.24809e+03 	 -5.32067e-07 	 -6.71734e-08
1.25594e+03 	 -4.85287e-07 	 -6.53197e-08
1.26383e+03 	 -4.41640e-07 	 -6.34780e-08
1.27177e+03 	 -4.00995e-07 	 -6.16494e-08
1.27976e+03 	 -3.63229e-07 	 -5.98353e-08
1.28780e+03 	 -3.28218e-07 	 -5.80376e-08
1.29589e+03 	 -2.95845e-07 	 -5.62584e-08
1.30403e+03 	 -2.65994e-07 	 -5.45002e-08
1.31223e+03 	 -2.38551e-07 	 -5.27659e-08
1.32047e+03 	 -2.13407e-07 	 -5.10586e-08
1.32877e+03 	 -1.90456e-07 	 -4.93820e-08
1.33712e+03 	 -1.69592e-07 	 -4.77398e-08
1.34552e+03 	 -1.50714e-07 	 -4.61364e-08
1.35397e+03 	 -1.33725e-07 	 -4.45763e-08
1.36248e+03 	 -1.18527e-07 	 -4.30643e-08
1.37104e+03 	 -1.05027e-07 	 -4.16058e-08
1.37965e+03 	 -9.31347e-08 	 -4.02061e-08
1.38832e+03 	 -8.27605e-08 	 -3.88710e-08
1.39705e+03 	 -7.38181e-08 	 -3.76066e-08
1.40582e+03 	 -6.62233e-08 	 -3.64189e-08
1.41466e+03 	 -5.98939e-08 	 -3.53145e-08
1.42355e+03 	 -5.47499e-08 	 -3.42999e-08
1.43249e+03 	 -5.07131e-08 	 -3.33818e-08
1.44149e+03 	 -4.77073e-08 	 -3.25670e-08
1.45055e+03 	 -4.56582e-08 	 -3.18624e-08
1.45966e+03 	 -4.44932e-08 	 -3.12748e-08
1.46883e+03 	 -4.41414e-08 	 -3.08111e-08
1.47806e+03 	 -4.45336e-08 	 -3.04780e-08
1.48735e+03 	 -4.56022e-08 	 -3.02822e-08
1.49669e+03 	 -4.72809e-08 	 -3.02299e-08
1.50610e+03 	 -4.95054e-08 	 -3.03275e-08
1.51556e+03 	 -5.22124e-08 	 -3.05808e-08
1.52508e+03 	 -5.53404e-08 	 -3.09954e-08
1.53467e+03 	 -5.88290e-08 	 -3.15762e-08
1.54431e+03 	 -6.26195e-08 	 -3.23279e-08
1.55401e+03 	 -6.66545e-08 	 -3.32545e-08
1.56378e+03 	 -7.08780e-08 	 -3.43596e-08
1.57360e+03 	 -7.52354e-08 	 -3.56457e-08
1.58349e+03 	 -7.96735e-08 	 -3.71149e-08
1.59344e+03 	 -8.41408e-08 	 -3.87685e-08
1.60345e+03 	 -8.85871e-08 	 -4.06066e-08
1.61353e+03 	 -9.29639e-08 	 -4.26287e-08
1.62366e+03 	 -9.72242e-08 	 -4.48332e-08
1.63387e+03 	 -1.01323e-07 	 -4.72174e-08
1.64413e+03 	 -1.05216e-07 	 -4.97775e-08
1.65446e+03 	 -1.08863e-07 	 -5.25087e-08
1.66486e+03 	 -1.12223e-07 	 -5.54048e-08
1.67532e+03 	 -1.15259e-07 	 -5.84585e-08
1.68584e+03 	 -1.17936e-07 	 -6.16614e-08
1.69644e+03 	 -1.20220e-07 	 -6.50036e-08
1.70710e+03 	 -1.22081e-07 	 -6.84739e-08
1.71782e+03 	 -1.23490e-07 	 -7.20601e-08
1.72861e+03 	 -1.24421e-07 	 -7.57484e-08
1.73948e+03 	 -1.24852e-07 	 -7.95239e-08
1.75041e+03 	 -1.24763e-07 	 -8.33706e-08
1.76140e+03 	 -1.24137e-07 	 -8.72710e-08
1.77247e+03 	 -1.22960e-07 	 -9.12067e-08
1.78361e+03 	 -1.21222e-07 	 -9.51581e-08
1.79481e+03 	 -1.18915e-07 	 -9.91047e-08
1.80609e+03 	 -1.16036e-07 	 -1.03025e-07
1.81744e+03 	 -1.12585e-07 	 -1.06896e-07
1.82886e+03 	 -1.08566e-07 	 -1.10696e-07
1.84035e+03 	 -1.03986e-07 	 -1.14401e-07
1.85191e+03 	 -9.88572e-08 	 -1.17986e-07
1.86355e+03 	 -9.31941e-08 	 -1.21428e-07
1.87526e+03 	 -8.70163e-08 	 -1.24701e-07
1.88704e+03 	 -8.03469e-08 	 -1.27782e-07
1.89890e+03 	 -7.32133e-08 	 -1.30647e-07
1.91083e+03 	 -6.56464e-08 	 -1.33270e-07
1.92283e+03 	 -5.76815e-08 	 -1.35629e-07
1.93492e+03 	 -4.93581e-08 	 -1.37700e-07
1.94707e+03 	 -4.07210e-08 	 -1.39452e-07
1.95931e+03 	 -3.18249e-08 	 -1.40807e-07
1.97162e+03 	 -2.27508e-08 	 -1.41398e-07
1.98401e+03 	 -1.36754e-08 	 -1.39061e-07
1.99647e+03 	 -5.19397e-09 	 -1.20354e-07
2.00902e+03 	 0.00000e+00 	 0.00000e+00
