# r-coordinate 	 ur 	 utheta
1.00000e+02 	 0.00000e+00 	 0.00000e+00
1.00628e+02 	 4.71031e-04 	 -1.47368e-05
1.01261e+02 	 9.10243e-04 	 -2.84667e-05
1.01897e+02 	 1.31781e-03 	 -4.13383e-05
1.02537e+02 	 1.69391e-03 	 -5.34831e-05
1.03181e+02 	 2.03861e-03 	 -6.50182e-05
1.03830e+02 	 2.35183e-03 	 -7.60486e-05
1.04482e+02 	 2.63330e-03 	 -8.66683e-05
1.05138e+02 	 2.88256e-03 	 -9.69620e-05
1.05799e+02 	 3.09898e-03 	 -1.07006e-04
1.06464e+02 	 3.28169e-03 	 -1.16871e-04
1.07133e+02 	 3.42963e-03 	 -1.26617e-04
1.07806e+02 	 3.54152e-03 	 -1.36302e-04
1.08483e+02 	 3.61581e-03 	 -1.45974e-04
1.09165e+02 	 3.65069e-03 	 -1.55674e-04
1.09851e+02 	 3.64405e-03 	 -1.65433e-04
1.10541e+02 	 3.59344e-03 	 -1.75270e-04
1.11236e+02 	 3.49599e-03 	 -1.85187e-04
1.11934e+02 	 3.34834e-03 	 -1.95155e-04
1.12638e+02 	 3.14656e-03 	 -2.05108e-04
1.13346e+02 	 2.88597e-03 	 -2.14904e-04
1.14058e+02 	 2.56097e-03 	 -2.24286e-04
1.14774e+02 	 2.16488e-03 	 -2.32789e-04
1.15495e+02 	 1.68987e-03 	 -2.39573e-04
1.16221e+02 	 1.12769e-03 	 -2.43117e-04
1.16951e+02 	 4.72490e-04 	 -2.40659e-04
1.17686e+02 	 -2.70050e-04 	 -2.27297e-04
1.18426e+02 	 -1.05895e-03 	 -1.95005e-04
1.19170e+02 	 -1.77188e-03 	 -1.33560e-04
1.19919e+02 	 -2.17398e-03 	 -3.88096e-05
1.20672e+02 	 -2.04029e-03 	 7.18578e-05
1.21430e+02 	 -1.38955e-03 	 1.66038e-04
1.22193e+02 	 -4.62341e-04 	 2.28074e-04
1.22961e+02 	 5.19059e-04 	 2.62430e-04
1.23734e+02 	 1.44639e-03 	 2.78714e-04
1.24511e+02 	 2.28599e-03 	 2.84385e-04
1.25293e+02 	 3.03495e-03 	 2.84030e-04
1.26081e+02 	 3.69994e-03 	 2.80268e-04
1.26873e+02 	 4.28931e-03 	 2.74572e-04
1.27670e+02 	 4.81081e-03 	 2.67783e-04
1.28472e+02 	 5.27111e-03 	 2.60391e-04
1.29279e+02 	 5.67594e-03 	 2.52693e-04
1.30092e+02 	 6.03020e-03 	 2.44868e-04
1.30909e+02 	 6.33823e-03 	 2.37033e-04
1.31731e+02 	 6.60386e-03 	 2.29262e-04
1.32559e+02 	 6.83056e-03 	 2.21603e-04
1.33392e+02 	 7.02150e-03 	 2.14089e-04
1.34230e+02 	 7.17956e-03 	 2.06740e-04
1.35074e+02 	 7.30741e-03 	 1.99571e-04
1.35922e+02 	 7.40752e-03 	 1.92589e-04
1.36776e+02 	 7.48218e-03 	 1.85799e-04
1.37636e+02 	 7.53352e-03 	 1.79205e-04
1.38500e+02 	 7.56351e-03 	 1.72805e-04
1.39371e+02 	 7.57402e-03 	 1.66600e-04
1.40246e+02 	 7.56676e-03 	 1.60588e-04
1.41128e+02 	 7.54333e-03 	 1.54765e-04
1.42014e+02 	 7.50523e-03 	 1.49129e-04
1.42907e+02 	 7.45385e-03 	 1.43675e-04
1.43805e+02 	 7.39051e-03 	 1.38402e-04
1.44708e+02 	 7.31641e-03 	 1.33303e-04
1.45617e+02 	 7.23267e-03 	 1.28376e-04
1.46532e+02 	 7.14035e-03 	 1.23616e-04
1.47453e+02 	 7.04042e-03 	 1.19018e-04
1.48379e+02 	 6.93379e-03 	 1.14579e-04
1.49312e+02 	 6.82131e-03 	 1.10293e-04
1.50250e+02 	 6.70374e-03 	 1.06158e-04
1.51194e+02 	 6.58182e-03 	 1.02168e-04
1.52144e+02 	 6.45621e-03 	 9.83191e-05
1.53100e+02 	 6.32754e-03 	 9.46075e-05
1.54062e+02 	 6.19636e-03 	 9.10291e-05
1.55030e+02 	 6.06320e-03 	 8.75798e-05
1.56004e+02 	 5.92855e-03 	 8.42557e-05
1.56984e+02 	 5.79285e-03 	 8.10528e-05
1.57970e+02 	 5.65651e-03 	 7.79675e-05
1.58963e+02 	 5.51989e-03 	 7.49960e-05
1.59962e+02 	 5.38334e-03 	 7.21347e-05
1.60967e+02 	 5.24716e-03 	 6.93801e-05
1.61978e+02 	 5.11164e-03 	 6.67287e-05
1.62996e+02 	 4.97702e-03 	 6.41771e-05
1.64020e+02 	 4.84354e-03 	 6.17221e-05
1.65051e+02 	 4.71140e-03 	 5.93605e-05
1.66088e+02 	 4.58078e-03 	 5.70891e-05
1.67131e+02 	 4.45185e-03 	 5.49048e-05
1.68181e+02 	 4.32475e-03 	 5.28048e-05
1.69238e+02 	 4.19961e-03 	 5.07861e-05
1.70301e+02 	 4.07653e-03 	 4.88459e-05
1.71371e+02 	 3.95563e-03 	 4.69815e-05
1.72448e+02 	 3.83697e-03 	 4.51903e-05
1.73532e+02 	 3.72062e-03 	 4.34697e-05
1.74622e+02 	 3.60665e-03 	 4.18171e-05
1.75719e+02 	 3.49510e-03 	 4.02301e-05
1.76823e+02 	 3.38601e-03 	 3.87064e-05
1.77934e+02 	 3.27940e-03 	 3.72437e-05
1.79052e+02 	 3.17530e-03 	 3.58397e-05
1.80177e+02 	 3.07371e-03 	 3.44924e-05
1.81309e+02 	 2.97463e-03 	 3.31995e-05
1.82449e+02 	 2.87807e-03 	 3.19591e-05
1.83595e+02 	 2.78402e-03 	 3.07693e-05
1.84749e+02 	 2.69245e-03 	 2.96280e-05
1.85909e+02 	 2.60337e-03 	 2.85335e-05
1.87078e+02 	 2.51673e-03 	 2.74840e-05
1.88253e+02 	 2.43252e-03 	 2.64778e-05
1.89436e+02 	 2.35070e-03 	 2.55131e-05
1.90626e+02 	 2.27124e-03 	 2.45884e-05
1.91824e+02 	 2.19411e-03 	 2.37021e-05
1.93029e+02 	 2.11926e-03 	 2.28527e-05
1.94242e+02 	 2.04666e-03 	 2.20387e-05
1.95462e+02 	 1.97626e-03 	 2.12588e-05
1.96690e+02 	 1.90803e-03 	 2.05115e-05
1.97926e+02 	 1.84191e-03 	 1.97955e-05
1.99170e+02 	 1.77786e-03 	 1.91096e-05
2.00421e+02 	 1.71584e-03 	 1.84525e-05
2.01681e+02 	 1.65579e-03 	 1.78231e-05
2.02948e+02 	 1.59767e-03 	 1.72202e-05
2.04223e+02 	 1.54144e-03 	 1.66427e-05
2.05506e+02 	 1.48704e-03 	 1.60896e-05
2.06797e+02 	 1.43442e-03 	 1.55597e-05
2.08097e+02 	 1.38355e-03 	 1.50523e-05
2.09404e+02 	 1.33436e-03 	 1.45662e-05
2.10720e+02 	 1.28682e-03 	 1.41005e-05
2.12044e+02 	 1.24088e-03 	 1.36545e-05
2.13376e+02 	 1.19649e-03 	 1.32272e-05
2.14717e+02 	 1.15361e-03 	 1.28179e-05
2.16066e+02 	 1.11219e-03 	 1.24257e-05
2.17424e+02 	 1.07219e-03 	 1.20499e-05
2.18790e+02 	 1.03356e-03 	 1.16898e-05
2.20164e+02 	 9.96271e-04 	 1.13446e-05
2.21548e+02 	 9.60268e-04 	 1.10138e-05
2.22940e+02 	 9.25516e-04 	 1.06966e-05
2.24341e+02 	 8.91976e-04 	 1.03925e-05
2.25750e+02 	 8.59607e-04 	 1.01008e-05
2.27169e+02 	 8.28372e-04 	 9.82107e-06
2.28596e+02 	 7.98235e-04 	 9.55265e-06
2.30032e+02 	 7.69159e-04 	 9.29505e-06
2.31478e+02 	 7.41110e-04 	 9.04777e-06
2.32932e+02 	 7.14052e-04 	 8.81034e-06
2.34396e+02 	 6.87954e-04 	 8.58230e-06
2.35868e+02 	 6.62783e-04 	 8.36321e-06
2.37350e+02 	 6.38508e-04 	 8.15264e-06
2.38842e+02 	 6.15097e-04 	 7.95019e-06
2.40342e+02 	 5.92523e-04 	 7.75549e-06
2.41852e+02 	 5.70757e-04 	 7.56816e-06
2.43372e+02 	 5.49770e-04 	 7.38784e-06
2.44901e+02 	 5.29537e-04 	 7.21421e-06
2.46440e+02 	 5.10031e-04 	 7.04693e-06
2.47988e+02 	 4.91227e-04 	 6.88571e-06
2.49547e+02 	 4.73101e-04 	 6.73025e-06
2.51114e+02 	 4.55630e-04 	 6.58027e-06
2.52692e+02 	 4.38791e-04 	 6.43550e-06
2.54280e+02 	 4.22563e-04 	 6.29569e-06
2.55878e+02 	 4.06923e-04 	 6.16060e-06
2.57485e+02 	 3.91852e-04 	 6.02999e-06
2.59103e+02 	 3.77330e-04 	 5.90365e-06
2.60731e+02 	 3.63338e-04 	 5.78136e-06
2.62369e+02 	 3.49857e-04 	 5.66293e-06
2.64018e+02 	 3.36871e-04 	 5.54816e-06
2.65677e+02 	 3.24361e-04 	 5.43688e-06
2.67346e+02 	 3.12311e-04 	 5.32891e-06
2.69026e+02 	 3.00705e-04 	 5.22410e-06
2.70716e+02 	 2.89528e-04 	 5.12228e-06
2.72417e+02 	 2.78765e-04 	 5.02331e-06
2.74129e+02 	 2.68402e-04 	 4.92705e-06
2.75851e+02 	 2.58424e-04 	 4.83337e-06
2.77584e+02 	 2.48818e-04 	 4.74214e-06
2.79329e+02 	 2.39572e-04 	 4.65325e-06
2.81084e+02 	 2.30673e-04 	 4.56658e-06
2.82850e+02 	 2.22109e-04 	 4.48203e-06
2.84627e+02 	 2.13868e-04 	 4.39949e-06
2.86415e+02 	 2.05939e-04 	 4.31888e-06
2.88215e+02 	 1.98311e-04 	 4.24010e-06
2.90026e+02 	 1.90974e-04 	 4.16307e-06
2.91848e+02 	 1.83917e-04 	 4.08771e-06
2.93682e+02 	 1.77131e-04 	 4.01394e-06
2.95527e+02 	 1.70606e-04 	 3.94170e-06
2.97384e+02 	 1.64333e-04 	 3.87091e-06
2.99252e+02 	 1.58303e-04 	 3.80152e-06
3.01133e+02 	 1.52508e-04 	 3.73347e-06
3.03025e+02 	 1.46939e-04 	 3.66669e-06
3.04929e+02 	 1.41588e-04 	 3.60115e-06
3.06845e+02 	 1.36448e-04 	 3.53679e-06
3.08773e+02 	 1.31510e-04 	 3.47356e-06
3.10713e+02 	 1.26768e-04 	 3.41143e-06
3.12665e+02 	 1.22214e-04 	 3.35035e-06
3.14630e+02 	 1.17842e-04 	 3.29028e-06
3.16606e+02 	 1.13645e-04 	 3.23120e-06
3.18596e+02 	 1.09616e-04 	 3.17307e-06
3.20598e+02 	 1.05749e-04 	 3.11585e-06
3.22612e+02 	 1.02038e-04 	 3.05952e-06
3.24639e+02 	 9.84773e-05 	 3.00406e-06
3.26679e+02 	 9.50611e-05 	 2.94944e-06
3.28731e+02 	 9.17838e-05 	 2.89563e-06
3.30797e+02 	 8.86400e-05 	 2.84262e-06
3.32875e+02 	 8.56245e-05 	 2.79038e-06
3.34967e+02 	 8.27323e-05 	 2.73890e-06
3.37071e+02 	 7.99583e-05 	 2.68816e-06
3.39189e+02 	 7.72980e-05 	 2.63813e-06
3.41320e+02 	 7.47465e-05 	 2.58881e-06
3.43465e+02 	 7.22995e-05 	 2.54019e-06
3.45623e+02 	 6.99526e-05 	 2.49224e-06
3.47795e+02 	 6.77017e-05 	 2.44495e-06
3.49980e+02 	 6.55425e-05 	 2.39832e-06
3.52179e+02 	 6.34712e-05 	 2.35232e-06
3.54392e+02 	 6.14839e-05 	 2.30695e-06
3.56618e+02 	 5.95769e-05 	 2.26221e-06
3.58859e+02 	 5.77467e-05 	 2.21807e-06
3.61114e+02 	 5.59897e-05 	 2.17452e-06
3.63383e+02 	 5.43026e-05 	 2.13156e-06
3.65666e+02 	 5.26822e-05 	 2.08919e-06
3.67964e+02 	 5.11253e-05 	 2.04738e-06
3.70276e+02 	 4.96290e-05 	 2.00612e-06
3.72602e+02 	 4.81902e-05 	 1.96542e-06
3.74943e+02 	 4.68062e-05 	 1.92526e-06
3.77299e+02 	 4.54743e-05 	 1.88563e-06
3.79670e+02 	 4.41918e-05 	 1.84652e-06
3.82055e+02 	 4.29563e-05 	 1.80793e-06
3.84456e+02 	 4.17655e-05 	 1.76984e-06
3.86871e+02 	 4.06168e-05 	 1.73224e-06
3.89302e+02 	 3.95083e-05 	 1.69513e-06
3.91748e+02 	 3.84377e-05 	 1.65849e-06
3.94210e+02 	 3.74030e-05 	 1.62233e-06
3.96687e+02 	 3.64024e-05 	 1.58661e-06
3.99179e+02 	 3.54339e-05 	 1.55135e-06
4.01687e+02 	 3.44958e-05 	 1.51652e-06
4.04211e+02 	 3.35865e-05 	 1.48211e-06
4.06751e+02 	 3.27043e-05 	 1.44813e-06
4.09306e+02 	 3.18479e-05 	 1.41455e-06
4.11878e+02 	 3.10157e-05 	 1.38137e-06
4.14466e+02 	 3.02064e-05 	 1.34857e-06
4.17070e+02 	 2.94188e-05 	 1.31615e-06
4.19691e+02 	 2.86517e-05 	 1.28410e-06
4.22328e+02 	 2.79039e-05 	 1.25240e-06
4.24981e+02 	 2.71745e-05 	 1.22105e-06
4.27652e+02 	 2.64625e-05 	 1.19003e-06
4.30339e+02 	 2.57669e-05 	 1.15934e-06
4.33042e+02 	 2.50870e-05 	 1.12897e-06
4.35763e+02 	 2.44219e-05 	 1.09891e-06
4.38501e+02 	 2.37709e-05 	 1.06914e-06
4.41257e+02 	 2.31335e-05 	 1.03967e-06
4.44029e+02 	 2.25089e-05 	 1.01047e-06
4.46819e+02 	 2.18966e-05 	 9.81552e-07
4.49626e+02 	 2.12962e-05 	 9.52895e-07
4.52451e+02 	 2.07071e-05 	 9.24497e-07
4.55294e+02 	 2.01291e-05 	 8.96349e-07
4.58155e+02 	 1.95616e-05 	 8.68446e-07
4.61034e+02 	 1.90044e-05 	 8.40781e-07
4.63930e+02 	 1.84573e-05 	 8.13350e-07
4.66845e+02 	 1.79199e-05 	 7.86147e-07
4.69779e+02 	 1.73920e-05 	 7.59168e-07
4.72730e+02 	 1.68735e-05 	 7.32411e-07
4.75701e+02 	 1.63642e-05 	 7.05871e-07
4.78690e+02 	 1.58640e-05 	 6.79547e-07
4.81697e+02 	 1.53728e-05 	 6.53437e-07
4.84724e+02 	 1.48904e-05 	 6.27541e-07
4.87769e+02 	 1.44169e-05 	 6.01858e-07
4.90834e+02 	 1.39522e-05 	 5.76390e-07
4.93918e+02 	 1.34961e-05 	 5.51136e-07
4.97022e+02 	 1.30488e-05 	 5.26100e-07
5.00144e+02 	 1.26103e-05 	 5.01285e-07
5.03287e+02 	 1.21804e-05 	 4.76693e-07
5.06449e+02 	 1.17592e-05 	 4.52330e-07
5.09631e+02 	 1.13468e-05 	 4.28200e-07
5.12833e+02 	 1.09430e-05 	 4.04308e-07
5.16056e+02 	 1.05481e-05 	 3.80662e-07
5.19298e+02 	 1.01619e-05 	 3.57268e-07
5.22561e+02 	 9.78445e-06 	 3.34133e-07
5.25844e+02 	 9.41582e-06 	 3.11267e-07
5.29148e+02 	 9.05599e-06 	 2.88677e-07
5.32473e+02 	 8.70497e-06 	 2.66372e-07
5.35819e+02 	 8.36277e-06 	 2.44363e-07
5.39185e+02 	 8.02936e-06 	 2.22660e-07
5.42573e+02 	 7.70475e-06 	 2.01273e-07
5.45982e+02 	 7.38892e-06 	 1.80213e-07
5.49413e+02 	 7.08183e-06 	 1.59492e-07
5.52865e+02 	 6.78345e-06 	 1.39120e-07
5.56339e+02 	 6.49375e-06 	 1.19110e-07
5.59834e+02 	 6.21266e-06 	 9.94734e-08
5.63352e+02 	 5.94012e-06 	 8.02221e-08
5.66891e+02 	 5.67608e-06 	 6.13683e-08
5.70453e+02 	 5.42044e-06 	 4.29240e-08
5.74037e+02 	 5.17312e-06 	 2.49012e-08
5.77644e+02 	 4.93402e-06 	 7.31190e-09
5.81274e+02 	 4.70305e-06 	 -9.83210e-09
5.84926e+02 	 4.48008e-06 	 -2.65192e-08
5.88601e+02 	 4.26501e-06 	 -4.27379e-08
5.92299e+02 	 4.05769e-06 	 -5.84773e-08
5.96021e+02 	 3.85800e-06 	 -7.37264e-08
5.99766e+02 	 3.66580e-06 	 -8.84749e-08
6.03534e+02 	 3.48094e-06 	 -1.02713e-07
6.07326e+02 	 3.30327e-06 	 -1.16430e-07
6.11142e+02 	 3.13263e-06 	 -1.29619e-07
6.14982e+02 	 2.96886e-06 	 -1.42269e-07
6.18846e+02 	 2.81180e-06 	 -1.54373e-07
6.22735e+02 	 2.66127e-06 	 -1.65924e-07
6.26647e+02 	 2.51711e-06 	 -1.76915e-07
6.30585e+02 	 2.37915e-06 	 -1.87340e-07
6.34547e+02 	 2.24721e-06 	 -1.97192e-07
6.38534e+02 	 2.12111e-06 	 -2.06468e-07
6.42546e+02 	 2.00068e-06 	 -2.15163e-07
6.46583e+02 	 1.88575e-06 	 -2.23273e-07
6.50646e+02 	 1.77613e-06 	 -2.30797e-07
6.54734e+02 	 1.67165e-06 	 -2.37731e-07
6.58848e+02 	 1.57214e-06 	 -2.44076e-07
6.62987e+02 	 1.47742e-06 	 -2.49830e-07
6.67153e+02 	 1.38732e-06 	 -2.54993e-07
6.71345e+02 	 1.30168e-06 	 -2.59568e-07
6.75563e+02 	 1.22033e-06 	 -2.63555e-07
6.79808e+02 	 1.14309e-06 	 -2.66959e-07
6.84079e+02 	 1.06983e-06 	 -2.69781e-07
6.88377e+02 	 1.00036e-06 	 -2.72027e-07
6.92702e+02 	 9.34551e-07 	 -2.73701e-07
6.97055e+02 	 8.72237e-07 	 -2.74810e-07
7.01434e+02 	 8.13273e-07 	 -2.75360e-07
7.05842e+02 	 7.57516e-07 	 -2.75359e-07
7.10277e+02 	 7.04825e-07 	 -2.74815e-07
7.14739e+02 	 6.55061e-07 	 -2.73737e-07
7.19230e+02 	 6.08092e-07 	 -2.72134e-07
7.23749e+02 	 5.63788e-07 	 -2.70018e-07
7.28297e+02 	 5.22022e-07 	 -2.67400e-07
7.32873e+02 	 4.82672e-07 	 -2.64291e-07
7.37478e+02 	 4.45619e-07 	 -2.60705e-07
7.42111e+02 	 4.10748e-07 	 -2.56655e-07
7.46774e+02 	 3.77946e-07 	 -2.52155e-07
7.51466e+02 	 3.47105e-07 	 -2.47220e-07
7.56188e+02 	 3.18120e-07 	 -2.41866e-07
7.60939e+02 	 2.90890e-07 	 -2.36109e-07
7.65720e+02 	 2.65316e-07 	 -2.29966e-07
7.70531e+02 	 2.41302e-07 	 -2.23455e-07
7.75373e+02 	 2.18757e-07 	 -2.16593e-07
7.80245e+02 	 1.97591e-07 	 -2.09399e-07
7.85147e+02 	 1.77719e-07 	 -2.01892e-07
7.90080e+02 	 1.59057e-07 	 -1.94092e-07
7.95044e+02 	 1.41525e-07 	 -1.86019e-07
8.00040e+02 	 1.25046e-07 	 -1.77694e-07
8.05067e+02 	 1.09544e-07 	 -1.69138e-07
8.10125e+02 	 9.49471e-08 	 -1.60371e-07
8.15215e+02 	 8.11860e-08 	 -1.51416e-07
8.20337e+02 	 6.81934e-08 	 -1.42293e-07
8.25492e+02 	 5.59044e-08 	 -1.33026e-07
8.30678e+02 	 4.42566e-08 	 -1.23636e-07
8.35898e+02 	 3.31901e-08 	 -1.14145e-07
8.41150e+02 	 2.26469e-08 	 -1.04575e-07
8.46435e+02 	 1.25714e-08 	 -9.49476e-08
8.51753e+02 	 2.91005e-09 	 -8.52856e-08
8.57105e+02 	 -6.38847e-09 	 -7.56098e-08
8.62490e+02 	 -1.53736e-08 	 -6.59415e-08
8.67910e+02 	 -2.40928e-08 	 -5.63012e-08
8.73363e+02 	 -3.25915e-08 	 -4.67092e-08
8.78850e+02 	 -4.09133e-08 	 -3.71848e-08
8.84372e+02 	 -4.91000e-08 	 -2.77469e-08
8.89929e+02 	 -5.71915e-08 	 -1.84132e-08
8.95521e+02 	 -6.52261e-08 	 -9.20079e-09
9.01147e+02 	 -7.32402e-08 	 -1.25440e-10
9.06809e+02 	 -8.12686e-08 	 8.79815e-09
9.12507e+02 	 -8.93444e-08 	 1.75566e-08
9.18240e+02 	 -9.74991e-08 	 2.61378e-08
9.24010e+02 	 -1.05763e-07 	 3.45313e-08
9.29816e+02 	 -1.14163e-07 	 4.27282e-08
9.35658e+02 	 -1.22727e-07 	 5.07211e-08
9.41537e+02 	 -1.31480e-07 	 5.85048e-08
9.47453e+02 	 -1.40445e-07 	 6.60754e-08
9.53406e+02 	 -1.49645e-07 	 7.34315e-08
9.59396e+02 	 -1.59099e-07 	 8.05734e-08
9.65424e+02 	 -1.68826e-07 	 8.75035e-08
9.71490e+02 	 -1.78843e-07 	 9.42262e-08
9.77594e+02 	 -1.89167e-07 	 1.00748e-07
9.83736e+02 	 -1.99809e-07 	 1.07079e-07
9.89917e+02 	 -2.10784e-07 	 1.13228e-07
9.96137e+02 	 -2.22099e-07 	 1.19209e-07
1.00240e+03 	 -2.33765e-07 	 1.25037e-07
1.00869e+03 	 -2.45788e-07 	 1.30728e-07
1.01503e+03 	 -2.58171e-07 	 1.36302e-07
1.02141e+03 	 -2.70918e-07 	 1.41779e-07
1.02783e+03 	 -2.84029e-07 	 1.47180e-07
1.03429e+03 	 -2.97502e-07 	 1.52528e-07
1.04078e+03 	 -3.11333e-07 	 1.57849e-07
1.04732e+03 	 -3.25516e-07 	 1.63165e-07
1.05390e+03 	 -3.40041e-07 	 1.68503e-07
1.06053e+03 	 -3.54896e-07 	 1.73888e-07
1.06719e+03 	 -3.70069e-07 	 1.79345e-07
1.07389e+03 	 -3.85541e-07 	 1.84898e-07
1.08064e+03 	 -4.01293e-07 	 1.90570e-07
1.08743e+03 	 -4.17302e-07 	 1.96382e-07
1.09426e+03 	 -4.33541e-07 	 2.02354e-07
1.10114e+03 	 -4.49982e-07 	 2.08503e-07
1.10806e+03 	 -4.66591e-07 	 2.14840e-07
1.11502e+03 	 -4.83334e-07 	 2.21376e-07
1.12203e+03 	 -5.00169e-07 	 2.28116e-07
1.12908e+03 	 -5.17055e-07 	 2.35059e-07
1.13617e+03 	 -5.33943e-07 	 2.42200e-07
1.14331e+03 	 -5.50784e-07 	 2.49527e-07
1.15049e+03 	 -5.67523e-07 	 2.57021e-07
1.15772e+03 	 -5.84102e-07 	 2.64657e-07
1.16500e+03 	 -6.00458e-07 	 2.72401e-07
1.17232e+03 	 -6.16526e-07 	 2.80212e-07
1.17968e+03 	 -6.32235e-07 	 2.88040e-07
1.18709e+03 	 -6.47512e-07 	 2.95827e-07
1.19455e+03 	 -6.62280e-07 	 3.03507e-07
1.20206e+03 	 -6.76457e-07 	 3.11002e-07
1.20961e+03 	 -6.89959e-07 	 3.18228e-07
1.21721e+03 	 -7.02699e-07 	 3.25092e-07
1.22486e+03 	 -7.14584e-07 	 3.31493e-07
1.23256e+03 	 -7.25522e-07 	 3.37322e-07
1.24030e+03 	 -7.35417e-07 	 3.42461e-07
1.24809e+03 	 -7.44168e-07 	 3.46789e-07
1.25594e+03 	 -7.51678e-07 	 3.50178e-07
1.26383e+03 	 -7.57842e-07 	 3.52496e-07
1.27177e+03 	 -7.62559e-07 	 3.53608e-07
1.27976e+03 	 -7.65726e-07 	 3.53378e-07
1.28780e+03 	 -7.67239e-07 	 3.51671e-07
1.29589e+03 	 -7.66997e-07 	 3.48352e-07
1.30403e+03 	 -7.64898e-07 	 3.43293e-07
1.31223e+03 	 -7.60844e-07 	 3.36372e-07
1.32047e+03 	 -7.54739e-07 	 3.27472e-07
1.32877e+03 	 -7.46491e-07 	 3.16492e-07
1.33712e+03 	 -7.36013e-07 	 3.03340e-07
1.34552e+03 	 -7.23223e-07 	 2.87942e-07
1.35397e+03 	 -7.08046e-07 	 2.70240e-07
1.36248e+03 	 -6.90414e-07 	 2.50199e-07
1.37104e+03 	 -6.70266e-07 	 2.27804e-07
1.37965e+03 	 -6.47552e-07 	 2.03066e-07
1.38832e+03 	 -6.22233e-07 	 1.76022e-07
1.39705e+03 	 -5.94279e-07 	 1.46737e-07
1.40582e+03 	 -5.63673e-07 	 1.15307e-07
1.41466e+03 	 -5.30412e-07 	 8.18573e-08
1.42355e+03 	 -4.94507e-07 	 4.65461e-08
1.43249e+03 	 -4.55984e-07 	 9.56255e-09
1.44149e+03 	 -4.14884e-07 	 -2.88720e-08
1.45055e+03 	 -3.71265e-07 	 -6.85050e-08
1.45966e+03 	 -3.25203e-07 	 -1.09054e-07
1.46883e+03 	 -2.76792e-07 	 -1.50208e-07
1.47806e+03 	 -2.26144e-07 	 -1.91629e-07
1.48735e+03 	 -1.73390e-07 	 -2.32956e-07
1.49669e+03 	 -1.18681e-07 	 -2.73808e-07
1.50610e+03 	 -6.21852e-08 	 -3.13787e-07
1.51556e+03 	 -4.09289e-09 	 -3.52481e-07
1.52508e+03 	 5.53875e-08 	 -3.89473e-07
1.53467e+03 	 1.16028e-07 	 -4.24340e-07
1.54431e+03 	 1.77582e-07 	 -4.56663e-07
1.55401e+03 	 2.39784e-07 	 -4.86029e-07
1.56378e+03 	 3.02352e-07 	 -5.12039e-07
1.57360e+03 	 3.64985e-07 	 -5.34312e-07
1.58349e+03 	 4.27367e-07 	 -5.52489e-07
1.59344e+03 	 4.89165e-07 	 -5.66240e-07
1.60345e+03 	 5.50035e-07 	 -5.75270e-07
1.61353e+03 	 6.09616e-07 	 -5.79317e-07
1.62366e+03 	 6.67536e-07 	 -5.78162e-07
1.63387e+03 	 7.23412e-07 	 -5.71630e-07
1.64413e+03 	 7.76852e-07 	 -5.59590e-07
1.65446e+03 	 8.27456e-07 	 -5.41963e-07
1.66486e+03 	 8.74815e-07 	 -5.18714e-07
1.67532e+03 	 9.18520e-07 	 -4.89865e-07
1.68584e+03 	 9.58155e-07 	 -4.55484e-07
1.69644e+03 	 9.93309e-07 	 -4.15695e-07
1.70710e+03 	 1.02357e-06 	 -3.70674e-07
1.71782e+03 	 1.04854e-06 	 -3.20649e-07
1.72861e+03 	 1.06784e-06 	 -2.65908e-07
1.73948e+03 	 1.08108e-06 	 -2.06793e-07
1.75041e+03 	 1.08793e-06 	 -1.43708e-07
1.76140e+03 	 1.08809e-06 	 -7.71223e-08
1.77247e+03 	 1.08129e-06 	 -7.57138e-09
1.78361e+03 	 1.06732e-06 	 6.43352e-08
1.79481e+03 	 1.04604e-06 	 1.37910e-07
1.80609e+03 	 1.01739e-06 	 2.12382e-07
1.81744e+03 	 9.81404e-07 	 2.86893e-07
1.82886e+03 	 9.38225e-07 	 3.60487e-07
1.84035e+03 	 8.88115e-07 	 4.32111e-07
1.85191e+03 	 8.31471e-07 	 5.00604e-07
1.86355e+03 	 7.68838e-07 	 5.64687e-07
1.87526e+03 	 7.00914e-07 	 6.22946e-07
1.88704e+03 	 6.28565e-07 	 6.73809e-07
1.89890e+03 	 5.52829e-07 	 7.15492e-07
1.91083e+03 	 4.74926e-07 	 7.45921e-07
1.92283e+03 	 3.96267e-07 	 7.62601e-07
1.93492e+03 	 3.18474e-07 	 7.62388e-07
1.94707e+03 	 2.43417e-07 	 7.41146e-07
1.95931e+03 	 1.73271e-07 	 6.93179e-07
1.97162e+03 	 1.10605e-07 	 6.10349e-07
1.98401e+03 	 5.84901e-08 	 4.80703e-07
1.99647e+03 	 2.04836e-08 	 2.86320e-07
2.00902e+03 	 0.00000e+00 	 0.00000e+00
